
  k           Obj      Vio          Mov             |dX|     ||dX||      |kkt|
  0     2.028e+03    0.000    4.0e-01|4.0e-01    2.0e-01    1.6e+01    4.0e+01
  1     1.110e+03    1.437    4.0e-01|4.0e-01    2.0e-01    1.3e+01    8.2e+00
  2     7.606e+02    3.910    2.0e-01|4.0e-01    2.0e-01    1.0e+01    6.9e-01
  3     6.073e+02    3.070    2.0e-01|4.0e-01    2.0e-01    7.5e+00    6.3e-01
  4     5.539e+02    3.561    2.0e-01|4.0e-01    1.8e-01    5.1e+00    3.3e-01
  5     5.256e+02   -0.289    2.0e-01|4.0e-01    2.0e-01    4.6e+00    3.0e-01
  6     5.062e+02    0.432    2.0e-01|4.0e-01    1.7e-01    4.1e+00    2.8e-01
  7     4.873e+02   -0.495    2.0e-01|4.0e-01    2.0e-01    4.1e+00    2.6e-01
  8     4.694e+02   -0.440    2.0e-01|4.0e-01    1.7e-01    3.9e+00    2.5e-01
  9     4.512e+02   -0.554    2.0e-01|4.0e-01    1.9e-01    3.8e+00    2.3e-01
 10     4.332e+02   -0.744    2.0e-01|4.0e-01    1.7e-01    4.1e+00    2.1e-01
 11     4.148e+02   -0.555    2.0e-01|4.0e-01    2.0e-01    4.5e+00    1.9e-01
 12     3.951e+02   -0.661    2.0e-01|4.0e-01    2.0e-01    4.7e+00    1.6e-01
 13     3.763e+02   -0.623    2.0e-01|4.0e-01    2.0e-01    4.6e+00    1.4e-01
 14     3.598e+02   -0.786    2.0e-01|4.0e-01    2.0e-01    4.3e+00    1.3e-01
 15     3.460e+02   -0.875    2.0e-01|4.0e-01    2.0e-01    3.8e+00    1.3e-01
 16     3.350e+02   -0.986    2.0e-01|4.0e-01    2.0e-01    3.3e+00    1.5e-01
 17     3.270e+02   -0.921    2.0e-01|4.0e-01    2.0e-01    2.9e+00    1.6e-01
 18     3.212e+02   -0.788    2.0e-01|4.0e-01    2.0e-01    2.5e+00    1.6e-01
 19     3.169e+02   -0.413    2.0e-01|4.0e-01    2.0e-01    2.2e+00    8.8e-02
 20     3.140e+02   -0.194    2.0e-01|4.0e-01    2.0e-01    1.9e+00    8.7e-02
 21     3.118e+02   -0.094    2.0e-01|4.0e-01    2.0e-01    1.8e+00    8.6e-02
 22     3.101e+02   -0.096    2.0e-01|4.0e-01    1.8e-01    1.6e+00    9.1e-02
 23     3.087e+02   -0.096    2.0e-01|4.0e-01    1.9e-01    1.5e+00    9.6e-02
 24     3.075e+02   -0.095    2.0e-01|4.0e-01    1.9e-01    1.5e+00    1.0e-01
 25     3.063e+02   -0.074    2.0e-01|4.0e-01    2.0e-01    1.5e+00    1.1e-01
 26     3.051e+02   -0.073    2.0e-01|4.0e-01    2.0e-01    1.6e+00    1.1e-01
 27     3.038e+02   -0.112    2.0e-01|4.0e-01    2.0e-01    1.7e+00    1.1e-01
 28     3.025e+02   -0.133    2.0e-01|4.0e-01    2.0e-01    1.7e+00    1.0e-01
 29     3.012e+02   -0.158    2.0e-01|4.0e-01    2.0e-01    1.6e+00    9.7e-02
 30     3.001e+02   -0.210    2.0e-01|4.0e-01    2.0e-01    1.5e+00    7.5e-02
 31     2.990e+02   -0.172    2.0e-01|4.0e-01    2.0e-01    1.6e+00    7.2e-02
 32     2.977e+02   -0.056    2.0e-01|4.0e-01    2.0e-01    1.5e+00    7.2e-02
 33     2.964e+02   -0.051    2.0e-01|4.0e-01    2.0e-01    1.2e+00    7.3e-02
 34     2.956e+02   -0.046    2.0e-01|4.0e-01    2.0e-01    1.1e+00    7.5e-02
 35     2.950e+02    0.000    2.0e-01|4.0e-01    2.0e-01    1.0e+00    7.5e-02
 36     2.945e+02    0.007    2.0e-01|4.0e-01    1.8e-01    1.0e+00    7.5e-02
 37     2.941e+02    0.011    2.0e-01|4.0e-01    1.7e-01    9.8e-01    7.4e-02
 38     2.936e+02    0.012    2.0e-01|4.0e-01    1.6e-01    9.2e-01    7.3e-02
 39     2.932e+02    0.014    2.0e-01|4.0e-01    1.5e-01    7.6e-01    7.5e-02
 40     2.928e+02    0.022    2.0e-01|4.0e-01    1.4e-01    6.5e-01    7.6e-02
 41     2.926e+02    0.025    2.0e-01|4.0e-01    1.3e-01    5.9e-01    7.7e-02
 42     2.924e+02    0.023    2.0e-01|4.0e-01    1.1e-01    5.5e-01    7.8e-02
 43     2.923e+02    0.025    2.0e-01|4.0e-01    1.0e-01    5.1e-01    7.7e-02
 44     2.922e+02    0.026    2.0e-01|4.0e-01    1.1e-01    5.0e-01    7.8e-02
 45     2.921e+02    0.028    2.0e-01|4.0e-01    1.2e-01    4.7e-01    7.7e-02
 46     2.919e+02    0.027    2.0e-01|4.0e-01    8.7e-02    4.5e-01    7.6e-02
 47     2.918e+02    0.019    2.0e-01|4.0e-01    8.8e-02    4.5e-01    7.3e-02
 48     2.917e+02    0.020    2.0e-01|4.0e-01    9.4e-02    4.4e-01    7.2e-02
 49     2.916e+02    0.020    2.0e-01|4.0e-01    9.6e-02    4.5e-01    6.9e-02
 50     2.915e+02    0.022    2.0e-01|4.0e-01    1.0e-01    4.5e-01    6.8e-02
 51     2.914e+02    0.023    2.0e-01|4.0e-01    1.0e-01    4.6e-01    6.6e-02
 52     2.913e+02    0.026    2.0e-01|4.0e-01    1.1e-01    4.9e-01    6.6e-02
 53     2.912e+02    0.028    2.0e-01|4.0e-01    1.2e-01    5.3e-01    6.3e-02
 54     2.910e+02    0.030    2.0e-01|4.0e-01    1.2e-01    5.7e-01    6.1e-02
 55     2.909e+02    0.032    2.0e-01|4.0e-01    1.5e-01    6.1e-01    6.1e-02
 56     2.908e+02    0.033    2.0e-01|4.0e-01    1.8e-01    6.6e-01    5.9e-02
 57     2.906e+02    0.035    2.0e-01|4.0e-01    1.9e-01    6.8e-01    5.9e-02
 58     2.905e+02    0.031    2.0e-01|4.0e-01    1.7e-01    6.3e-01    5.5e-02
 59     2.903e+02    0.023    2.0e-01|4.0e-01    1.8e-01    4.4e-01    5.5e-02
 60     2.903e+02   -0.005    2.0e-01|4.0e-01    1.3e-01    3.0e-01    5.4e-02
 61     2.902e+02    0.002    2.0e-01|4.0e-01    5.4e-02    2.4e-01    5.4e-02
 62     2.902e+02    0.014    2.0e-01|4.0e-01    5.5e-02    2.2e-01    5.3e-02
 63     2.902e+02    0.012    2.0e-01|4.0e-01    5.8e-02    2.1e-01    5.4e-02
 64     2.902e+02    0.012    2.0e-01|4.0e-01    6.0e-02    2.1e-01    4.9e-02
 65     2.901e+02    0.011    2.0e-01|4.0e-01    4.8e-02    2.0e-01    4.9e-02
 66     2.901e+02    0.010    2.0e-01|4.0e-01    5.1e-02    1.9e-01    4.8e-02
 67     2.901e+02    0.010    2.0e-01|4.0e-01    5.3e-02    1.9e-01    4.9e-02
 68     2.901e+02    0.009    2.0e-01|4.0e-01    4.8e-02    1.8e-01    4.5e-02
 69     2.901e+02    0.009    2.0e-01|4.0e-01    5.0e-02    1.7e-01    4.5e-02
 70     2.901e+02    0.008    2.0e-01|4.0e-01    5.2e-02    1.7e-01    4.5e-02
 71     2.901e+02    0.008    2.0e-01|4.0e-01    5.3e-02    1.7e-01    4.5e-02
 72     2.900e+02    0.008    2.0e-01|4.0e-01    4.7e-02    1.7e-01    4.5e-02
 73     2.900e+02    0.008    2.0e-01|4.0e-01    5.0e-02    1.6e-01    4.5e-02
 74     2.900e+02    0.008    2.0e-01|4.0e-01    5.2e-02    1.6e-01    4.6e-02
 75     2.900e+02    0.008    2.0e-01|4.0e-01    4.7e-02    1.6e-01    4.3e-02
 76     2.900e+02    0.008    2.0e-01|4.0e-01    4.3e-02    1.5e-01    4.3e-02
 77     2.900e+02    0.007    2.0e-01|4.0e-01    4.4e-02    1.5e-01    4.3e-02
 78     2.900e+02    0.007    2.0e-01|4.0e-01    4.6e-02    1.5e-01    3.7e-02
 79     2.900e+02    0.007    2.0e-01|4.0e-01    4.7e-02    1.5e-01    3.6e-02
 80     2.900e+02    0.007    2.0e-01|4.0e-01    4.8e-02    1.5e-01    3.6e-02
 81     2.899e+02    0.007    2.0e-01|4.0e-01    4.8e-02    1.4e-01    3.6e-02
 82     2.899e+02    0.007    2.0e-01|4.0e-01    5.1e-02    1.4e-01    3.6e-02
 83     2.899e+02    0.007    2.0e-01|4.0e-01    5.3e-02    1.4e-01    3.6e-02
 84     2.899e+02    0.006    2.0e-01|4.0e-01    4.5e-02    1.4e-01    3.6e-02
 85     2.899e+02    0.006    2.0e-01|4.0e-01    3.9e-02    1.3e-01    3.6e-02
 86     2.899e+02    0.006    2.0e-01|4.0e-01    4.1e-02    1.3e-01    3.6e-02
 87     2.899e+02    0.006    2.0e-01|4.0e-01    4.2e-02    1.3e-01    3.5e-02
 88     2.899e+02    0.006    2.0e-01|4.0e-01    4.3e-02    1.3e-01    3.6e-02
 89     2.899e+02    0.006    2.0e-01|4.0e-01    4.4e-02    1.3e-01    3.6e-02
 90     2.899e+02    0.006    2.0e-01|4.0e-01    4.5e-02    1.3e-01    3.6e-02
 91     2.899e+02    0.006    2.0e-01|4.0e-01    4.1e-02    1.2e-01    3.5e-02
 92     2.899e+02    0.006    2.0e-01|4.0e-01    4.4e-02    1.2e-01    3.5e-02
 93     2.899e+02    0.006    2.0e-01|4.0e-01    4.6e-02    1.2e-01    3.1e-02
 94     2.899e+02    0.006    2.0e-01|4.0e-01    4.8e-02    1.2e-01    3.1e-02
 95     2.898e+02    0.006    2.0e-01|4.0e-01    5.0e-02    1.2e-01    3.1e-02
 96     2.898e+02    0.006    2.0e-01|4.0e-01    5.3e-02    1.3e-01    3.1e-02
 97     2.898e+02    0.006    2.0e-01|4.0e-01    3.8e-02    1.2e-01    3.1e-02
 98     2.898e+02    0.006    2.0e-01|4.0e-01    4.0e-02    1.1e-01    3.1e-02
 99     2.898e+02    0.006    2.0e-01|4.0e-01    4.1e-02    1.1e-01    3.2e-02
100     2.898e+02    0.006    2.0e-01|4.0e-01    4.2e-02    1.1e-01    3.2e-02
101     2.898e+02    0.006    2.0e-01|4.0e-01    4.3e-02    1.1e-01    2.8e-02
102     2.898e+02    0.006    2.0e-01|4.0e-01    4.4e-02    1.1e-01    2.8e-02
103     2.898e+02    0.006    2.0e-01|4.0e-01    2.8e-02    1.0e-01    2.8e-02
104     2.898e+02    0.005    2.0e-01|4.0e-01    2.9e-02    1.0e-01    2.8e-02
105     2.898e+02    0.006    2.0e-01|4.0e-01    3.1e-02    1.0e-01    2.8e-02
106     2.898e+02    0.006    2.0e-01|4.0e-01    3.2e-02    1.1e-01    2.8e-02
107     2.898e+02    0.006    2.0e-01|4.0e-01    3.3e-02    1.1e-01    2.8e-02
108     2.898e+02    0.006    2.0e-01|4.0e-01    3.5e-02    1.1e-01    2.7e-02
109     2.898e+02    0.006    2.0e-01|4.0e-01    3.6e-02    1.1e-01    2.7e-02
110     2.898e+02    0.006    2.0e-01|4.0e-01    3.7e-02    1.1e-01    2.7e-02
111     2.898e+02    0.006    2.0e-01|4.0e-01    3.9e-02    1.1e-01    2.7e-02
112     2.898e+02    0.006    2.0e-01|4.0e-01    4.0e-02    1.1e-01    2.7e-02
113     2.898e+02    0.006    2.0e-01|4.0e-01    4.2e-02    1.1e-01    2.8e-02
114     2.898e+02    0.006    2.0e-01|4.0e-01    4.4e-02    1.1e-01    2.8e-02
115     2.897e+02    0.006    2.0e-01|4.0e-01    4.3e-02    1.1e-01    2.8e-02
116     2.897e+02    0.006    2.0e-01|4.0e-01    2.7e-02    1.0e-01    2.5e-02
117     2.897e+02    0.006    2.0e-01|4.0e-01    2.5e-02    9.7e-02    2.5e-02
118     2.897e+02    0.006    2.0e-01|4.0e-01    2.7e-02    9.5e-02    2.5e-02
119     2.897e+02    0.006    2.0e-01|4.0e-01    2.8e-02    9.6e-02    2.6e-02
120     2.897e+02    0.006    2.0e-01|4.0e-01    2.9e-02    9.7e-02    2.6e-02
121     2.897e+02    0.006    2.0e-01|4.0e-01    3.1e-02    9.7e-02    2.6e-02
122     2.897e+02    0.006    2.0e-01|4.0e-01    3.2e-02    9.8e-02    2.6e-02
123     2.897e+02    0.006    2.0e-01|4.0e-01    3.4e-02    9.6e-02    2.6e-02
124     2.897e+02    0.006    2.0e-01|4.0e-01    3.5e-02    9.6e-02    2.4e-02
125     2.897e+02    0.006    2.0e-01|4.0e-01    3.6e-02    9.7e-02    2.4e-02
126     2.897e+02    0.006    2.0e-01|4.0e-01    3.8e-02    9.9e-02    2.4e-02
127     2.897e+02    0.007    2.0e-01|4.0e-01    3.9e-02    1.0e-01    2.4e-02
128     2.897e+02    0.007    2.0e-01|4.0e-01    4.0e-02    9.9e-02    2.4e-02
129     2.897e+02    0.007    2.0e-01|4.0e-01    4.2e-02    9.8e-02    2.4e-02
130     2.897e+02    0.007    2.0e-01|4.0e-01    4.3e-02    1.0e-01    2.4e-02
131     2.897e+02    0.007    2.0e-01|4.0e-01    4.3e-02    9.9e-02    2.4e-02
132     2.897e+02    0.007    2.0e-01|4.0e-01    3.0e-02    8.8e-02    2.4e-02
133     2.897e+02    0.007    2.0e-01|4.0e-01    3.2e-02    8.9e-02    2.4e-02
134     2.897e+02    0.007    2.0e-01|4.0e-01    3.3e-02    9.0e-02    2.4e-02
135     2.897e+02    0.008    2.0e-01|4.0e-01    3.4e-02    9.1e-02    2.4e-02
136     2.897e+02    0.008    2.0e-01|4.0e-01    3.0e-02    8.7e-02    2.4e-02
137     2.897e+02    0.008    2.0e-01|4.0e-01    3.1e-02    8.7e-02    2.4e-02
138     2.897e+02    0.008    2.0e-01|4.0e-01    3.0e-02    8.2e-02    2.4e-02
139     2.897e+02    0.002    2.0e-01|4.0e-01    3.2e-02    8.3e-02    2.4e-02
140     2.897e+02    0.001    2.0e-01|4.0e-01    3.3e-02    8.4e-02    2.3e-02
141     2.897e+02    0.001    2.0e-01|4.0e-01    3.4e-02    8.4e-02    2.3e-02
142     2.897e+02    0.001    2.0e-01|4.0e-01    3.6e-02    8.5e-02    2.3e-02
143     2.896e+02    0.001    2.0e-01|4.0e-01    3.7e-02    8.5e-02    2.3e-02
144     2.896e+02    0.001    2.0e-01|4.0e-01    3.8e-02    8.6e-02    2.3e-02
145     2.896e+02    0.001    2.0e-01|4.0e-01    3.9e-02    8.7e-02    2.3e-02
146     2.896e+02    0.001    2.0e-01|4.0e-01    4.0e-02    8.8e-02    2.3e-02
147     2.896e+02    0.001    2.0e-01|4.0e-01    4.0e-02    8.9e-02    2.3e-02
148     2.896e+02    0.001    2.0e-01|4.0e-01    4.1e-02    9.0e-02    2.3e-02
149     2.896e+02    0.001    2.0e-01|4.0e-01    4.2e-02    9.0e-02    2.4e-02
150     2.896e+02    0.000    2.0e-01|4.0e-01    2.9e-02    8.1e-02    2.3e-02
151     2.896e+02    0.000    2.0e-01|4.0e-01    2.9e-02    8.2e-02    2.3e-02
152     2.896e+02    0.000    2.0e-01|4.0e-01    3.0e-02    8.2e-02    2.3e-02
153     2.896e+02    0.000    2.0e-01|4.0e-01    3.1e-02    8.3e-02    2.3e-02
154     2.896e+02    0.000    2.0e-01|4.0e-01    3.2e-02    8.4e-02    2.3e-02
155     2.896e+02    0.000    2.0e-01|4.0e-01    3.2e-02    8.4e-02    2.3e-02
156     2.896e+02    0.000    2.0e-01|4.0e-01    2.5e-02    8.0e-02    2.3e-02
157     2.896e+02    0.000    2.0e-01|4.0e-01    2.6e-02    7.9e-02    2.3e-02
158     2.896e+02    0.000    2.0e-01|4.0e-01    2.7e-02    7.7e-02    2.3e-02
159     2.896e+02   -0.000    2.0e-01|4.0e-01    2.8e-02    7.8e-02    2.3e-02
160     2.896e+02   -0.000    2.0e-01|4.0e-01    2.9e-02    7.8e-02    2.3e-02
161     2.896e+02   -0.000    2.0e-01|4.0e-01    3.0e-02    7.9e-02    2.3e-02
162     2.896e+02   -0.000    2.0e-01|4.0e-01    3.1e-02    7.9e-02    2.3e-02
163     2.896e+02   -0.000    2.0e-01|4.0e-01    3.2e-02    8.0e-02    2.2e-02
164     2.896e+02   -0.000    2.0e-01|4.0e-01    3.3e-02    8.0e-02    2.2e-02
165     2.896e+02   -0.000    2.0e-01|4.0e-01    3.4e-02    8.0e-02    2.2e-02
166     2.896e+02   -0.000    2.0e-01|4.0e-01    3.5e-02    8.1e-02    2.2e-02
167     2.896e+02   -0.000    2.0e-01|4.0e-01    3.6e-02    8.1e-02    2.2e-02
168     2.896e+02   -0.000    2.0e-01|4.0e-01    3.7e-02    8.2e-02    2.2e-02
169     2.896e+02   -0.000    2.0e-01|4.0e-01    3.7e-02    8.2e-02    2.2e-02
170     2.896e+02   -0.000    2.0e-01|4.0e-01    3.8e-02    8.3e-02    2.2e-02
171     2.896e+02   -0.000    2.0e-01|4.0e-01    3.8e-02    8.3e-02    2.2e-02
172     2.896e+02   -0.000    2.0e-01|4.0e-01    2.3e-02    7.6e-02    2.2e-02
173     2.896e+02   -0.000    2.0e-01|4.0e-01    2.3e-02    7.4e-02    2.2e-02
174     2.896e+02   -0.000    2.0e-01|4.0e-01    2.4e-02    7.4e-02    2.2e-02
175     2.896e+02   -0.000    2.0e-01|4.0e-01    2.4e-02    7.4e-02    2.2e-02
176     2.896e+02   -0.001    2.0e-01|4.0e-01    2.4e-02    7.4e-02    2.2e-02
177     2.896e+02   -0.001    2.0e-01|4.0e-01    1.8e-02    7.1e-02    2.2e-02
178     2.895e+02   -0.001    2.0e-01|4.0e-01    1.9e-02    7.0e-02    2.0e-02
179     2.895e+02   -0.001    2.0e-01|4.0e-01    2.0e-02    7.0e-02    2.0e-02
180     2.895e+02   -0.001    2.0e-01|4.0e-01    2.1e-02    7.0e-02    2.0e-02
181     2.895e+02   -0.001    2.0e-01|4.0e-01    2.2e-02    7.0e-02    2.0e-02
182     2.895e+02   -0.001    2.0e-01|4.0e-01    2.3e-02    7.0e-02    2.0e-02
183     2.895e+02   -0.001    2.0e-01|4.0e-01    2.4e-02    7.0e-02    2.1e-02
184     2.895e+02   -0.001    2.0e-01|4.0e-01    2.4e-02    7.0e-02    2.1e-02
185     2.895e+02   -0.001    2.0e-01|4.0e-01    2.5e-02    7.0e-02    2.1e-02
186     2.895e+02    0.000    2.0e-01|4.0e-01    2.6e-02    7.0e-02    2.1e-02
187     2.895e+02    0.000    2.0e-01|4.0e-01    2.7e-02    7.0e-02    2.1e-02
188     2.895e+02    0.000    2.0e-01|4.0e-01    2.8e-02    7.0e-02    2.1e-02
189     2.895e+02    0.000    2.0e-01|4.0e-01    2.9e-02    7.0e-02    2.1e-02
190     2.895e+02    0.000    2.0e-01|4.0e-01    2.9e-02    7.0e-02    2.1e-02
191     2.895e+02    0.000    2.0e-01|4.0e-01    3.0e-02    7.1e-02    2.1e-02
192     2.895e+02    0.000    2.0e-01|4.0e-01    3.1e-02    7.1e-02    2.1e-02
193     2.895e+02    0.000    2.0e-01|4.0e-01    3.2e-02    7.0e-02    2.1e-02
194     2.895e+02    0.000    2.0e-01|4.0e-01    3.2e-02    7.0e-02    2.1e-02
195     2.895e+02    0.000    2.0e-01|4.0e-01    3.3e-02    6.7e-02    1.9e-02
196     2.895e+02    0.000    2.0e-01|4.0e-01    3.4e-02    6.7e-02    1.9e-02
197     2.895e+02    0.000    2.0e-01|4.0e-01    3.4e-02    6.7e-02    1.9e-02
198     2.895e+02    0.000    2.0e-01|4.0e-01    3.4e-02    6.8e-02    1.9e-02
199     2.895e+02    0.000    2.0e-01|4.0e-01    3.5e-02    6.5e-02    1.9e-02
200     2.895e+02    0.000    2.0e-01|4.0e-01    1.8e-02    5.6e-02    1.9e-02
201     2.895e+02    0.000    2.0e-01|4.0e-01    1.9e-02    5.5e-02    1.9e-02
202     2.895e+02    0.000    2.0e-01|4.0e-01    1.9e-02    5.5e-02    1.9e-02
203     2.895e+02    0.000    2.0e-01|4.0e-01    2.0e-02    5.5e-02    1.9e-02
204     2.895e+02    0.000    2.0e-01|4.0e-01    2.1e-02    5.6e-02    1.9e-02
205     2.895e+02    0.000    2.0e-01|4.0e-01    2.1e-02    5.6e-02    1.9e-02
206     2.895e+02    0.000    2.0e-01|4.0e-01    2.2e-02    5.6e-02    1.9e-02
207     2.895e+02    0.000    2.0e-01|4.0e-01    2.3e-02    5.5e-02    1.9e-02
208     2.895e+02    0.000    2.0e-01|4.0e-01    2.4e-02    5.5e-02    1.9e-02
209     2.895e+02    0.000    2.0e-01|4.0e-01    2.4e-02    5.6e-02    1.9e-02
210     2.895e+02    0.000    2.0e-01|4.0e-01    2.5e-02    5.6e-02    1.9e-02
211     2.895e+02    0.000    2.0e-01|4.0e-01    2.6e-02    5.6e-02    1.9e-02
212     2.895e+02    0.000    2.0e-01|4.0e-01    2.7e-02    5.7e-02    1.9e-02
213     2.895e+02    0.000    2.0e-01|4.0e-01    2.7e-02    5.7e-02    1.9e-02
214     2.895e+02    0.000    2.0e-01|4.0e-01    2.8e-02    5.8e-02    1.9e-02
215     2.895e+02    0.000    2.0e-01|4.0e-01    2.9e-02    5.9e-02    1.9e-02
216     2.895e+02    0.000    2.0e-01|4.0e-01    2.9e-02    5.9e-02    1.9e-02
217     2.895e+02    0.000    2.0e-01|4.0e-01    3.0e-02    6.0e-02    2.0e-02
218     2.895e+02    0.000    2.0e-01|4.0e-01    3.0e-02    6.1e-02    2.0e-02
219     2.895e+02    0.000    2.0e-01|4.0e-01    3.1e-02    6.1e-02    1.7e-02
220     2.895e+02    0.000    2.0e-01|4.0e-01    3.2e-02    6.2e-02    1.7e-02
221     2.895e+02    0.000    2.0e-01|4.0e-01    3.2e-02    6.3e-02    1.7e-02
222     2.895e+02    0.000    2.0e-01|4.0e-01    2.7e-02    6.0e-02    1.7e-02
223     2.895e+02    0.000    2.0e-01|4.0e-01    2.8e-02    5.4e-02    1.7e-02
224     2.895e+02    0.000    2.0e-01|4.0e-01    2.9e-02    5.4e-02    1.7e-02
225     2.895e+02    0.000    2.0e-01|4.0e-01    2.9e-02    5.5e-02    1.7e-02
226     2.895e+02    0.000    2.0e-01|4.0e-01    3.0e-02    5.5e-02    1.7e-02
227     2.895e+02    0.000    2.0e-01|4.0e-01    3.0e-02    5.6e-02    1.7e-02
228     2.895e+02    0.000    2.0e-01|4.0e-01    3.1e-02    5.6e-02    1.7e-02
229     2.895e+02    0.000    2.0e-01|4.0e-01    3.1e-02    5.7e-02    1.7e-02
230     2.895e+02    0.000    2.0e-01|4.0e-01    3.1e-02    5.7e-02    1.7e-02
231     2.895e+02    0.000    2.0e-01|4.0e-01    3.1e-02    5.8e-02    1.8e-02
232     2.895e+02    0.000    2.0e-01|4.0e-01    3.2e-02    5.8e-02    1.8e-02
233     2.895e+02    0.000    2.0e-01|4.0e-01    1.8e-02    5.0e-02    1.8e-02
234     2.895e+02   -0.000    2.0e-01|4.0e-01    1.9e-02    4.9e-02    1.8e-02
235     2.895e+02   -0.000    2.0e-01|4.0e-01    1.9e-02    4.9e-02    1.7e-02
236     2.895e+02   -0.000    2.0e-01|4.0e-01    2.0e-02    4.8e-02    1.7e-02
237     2.895e+02   -0.000    2.0e-01|4.0e-01    2.1e-02    4.8e-02    1.7e-02
238     2.895e+02   -0.000    2.0e-01|4.0e-01    2.2e-02    4.9e-02    1.8e-02
239     2.895e+02   -0.000    2.0e-01|4.0e-01    2.3e-02    4.9e-02    1.8e-02
240     2.895e+02   -0.000    2.0e-01|4.0e-01    2.4e-02    5.0e-02    1.8e-02
241     2.895e+02   -0.000    2.0e-01|4.0e-01    2.5e-02    4.9e-02    1.8e-02
242     2.895e+02   -0.000    2.0e-01|4.0e-01    2.6e-02    5.0e-02    1.8e-02
243     2.895e+02   -0.000    2.0e-01|4.0e-01    2.7e-02    5.1e-02    1.8e-02
244     2.894e+02   -0.000    2.0e-01|4.0e-01    2.8e-02    5.2e-02    1.8e-02
245     2.894e+02   -0.000    2.0e-01|4.0e-01    2.9e-02    5.3e-02    1.8e-02
246     2.894e+02   -0.000    2.0e-01|4.0e-01    3.0e-02    5.4e-02    1.8e-02
247     2.894e+02   -0.000    2.0e-01|4.0e-01    3.1e-02    5.5e-02    1.8e-02
248     2.894e+02   -0.000    2.0e-01|4.0e-01    3.2e-02    5.6e-02    1.8e-02
249     2.894e+02   -0.000    2.0e-01|4.0e-01    3.3e-02    5.7e-02    1.8e-02
250     2.894e+02   -0.000    2.0e-01|4.0e-01    3.4e-02    5.8e-02    1.8e-02
251     2.894e+02   -0.000    2.0e-01|4.0e-01    3.5e-02    5.9e-02    1.8e-02
252     2.894e+02   -0.000    2.0e-01|4.0e-01    3.6e-02    6.0e-02    1.6e-02
253     2.894e+02   -0.000    2.0e-01|4.0e-01    3.6e-02    6.1e-02    1.6e-02
254     2.894e+02   -0.000    2.0e-01|4.0e-01    3.7e-02    6.0e-02    1.6e-02
255     2.894e+02   -0.000    2.0e-01|4.0e-01    3.8e-02    6.1e-02    1.6e-02
256     2.894e+02   -0.000    2.0e-01|4.0e-01    2.4e-02    4.9e-02    1.6e-02
257     2.894e+02   -0.000    2.0e-01|4.0e-01    2.5e-02    4.9e-02    1.6e-02
258     2.894e+02   -0.000    2.0e-01|4.0e-01    2.6e-02    5.0e-02    1.6e-02
259     2.894e+02   -0.000    2.0e-01|4.0e-01    2.6e-02    5.0e-02    1.6e-02
260     2.894e+02   -0.000    2.0e-01|4.0e-01    2.7e-02    5.1e-02    1.6e-02
261     2.894e+02   -0.000    2.0e-01|4.0e-01    2.7e-02    5.2e-02    1.6e-02
262     2.894e+02   -0.000    2.0e-01|4.0e-01    2.8e-02    5.2e-02    1.6e-02
263     2.894e+02   -0.000    2.0e-01|4.0e-01    2.8e-02    5.3e-02    1.6e-02
264     2.894e+02   -0.000    2.0e-01|4.0e-01    2.8e-02    5.3e-02    1.6e-02
265     2.894e+02   -0.000    2.0e-01|4.0e-01    2.9e-02    5.3e-02    1.6e-02
266     2.894e+02   -0.000    2.0e-01|4.0e-01    2.9e-02    5.4e-02    1.6e-02
267     2.894e+02   -0.000    2.0e-01|4.0e-01    2.9e-02    4.9e-02    1.6e-02
268     2.894e+02   -0.000    2.0e-01|4.0e-01    3.0e-02    4.8e-02    1.6e-02
269     2.894e+02   -0.000    2.0e-01|4.0e-01    3.0e-02    4.8e-02    1.6e-02
270     2.894e+02   -0.000    2.0e-01|4.0e-01    3.0e-02    4.9e-02    1.6e-02
271     2.894e+02   -0.000    2.0e-01|4.0e-01    1.9e-02    3.9e-02    1.6e-02
272     2.894e+02   -0.000    2.0e-01|4.0e-01    2.0e-02    3.9e-02    1.6e-02
273     2.894e+02   -0.000    2.0e-01|4.0e-01    2.0e-02    3.9e-02    1.6e-02
274     2.894e+02   -0.000    2.0e-01|4.0e-01    2.0e-02    3.9e-02    1.6e-02
275     2.894e+02   -0.000    2.0e-01|4.0e-01    2.1e-02    3.9e-02    1.6e-02
276     2.894e+02   -0.000    2.0e-01|4.0e-01    2.1e-02    4.0e-02    1.6e-02
277     2.894e+02   -0.000    2.0e-01|4.0e-01    2.1e-02    4.0e-02    1.6e-02
278     2.894e+02   -0.000    2.0e-01|4.0e-01    2.2e-02    4.0e-02    1.6e-02
279     2.894e+02   -0.000    2.0e-01|4.0e-01    2.2e-02    4.0e-02    1.7e-02
280     2.894e+02   -0.000    2.0e-01|4.0e-01    2.2e-02    4.1e-02    1.7e-02
281     2.894e+02   -0.000    2.0e-01|4.0e-01    2.3e-02    4.1e-02    1.7e-02
282     2.894e+02   -0.000    2.0e-01|4.0e-01    2.3e-02    4.1e-02    1.7e-02
283     2.894e+02   -0.000    2.0e-01|4.0e-01    2.3e-02    4.2e-02    1.7e-02
284     2.894e+02   -0.000    2.0e-01|4.0e-01    2.3e-02    4.2e-02    1.7e-02
285     2.894e+02   -0.000    2.0e-01|4.0e-01    2.3e-02    4.2e-02    1.7e-02
286     2.894e+02   -0.000    2.0e-01|4.0e-01    2.4e-02    4.3e-02    1.7e-02
287     2.894e+02   -0.000    2.0e-01|4.0e-01    2.4e-02    4.2e-02    1.7e-02
288     2.894e+02   -0.000    2.0e-01|4.0e-01    2.4e-02    4.3e-02    1.7e-02
289     2.894e+02   -0.000    2.0e-01|4.0e-01    2.4e-02    4.3e-02    1.7e-02
290     2.894e+02   -0.000    2.0e-01|4.0e-01    2.4e-02    4.3e-02    1.7e-02
291     2.894e+02   -0.000    2.0e-01|4.0e-01    2.0e-02    3.7e-02    1.7e-02
292     2.894e+02   -0.000    2.0e-01|4.0e-01    2.1e-02    3.7e-02    1.7e-02
293     2.894e+02   -0.000    2.0e-01|4.0e-01    2.1e-02    3.8e-02    1.6e-02
294     2.894e+02   -0.000    2.0e-01|4.0e-01    2.2e-02    3.8e-02    1.6e-02
295     2.894e+02   -0.000    2.0e-01|4.0e-01    2.3e-02    3.8e-02    1.6e-02
296     2.894e+02   -0.000    2.0e-01|4.0e-01    2.3e-02    3.8e-02    1.6e-02
297     2.894e+02   -0.000    2.0e-01|4.0e-01    2.4e-02    3.9e-02    1.6e-02
298     2.894e+02   -0.000    2.0e-01|4.0e-01    2.4e-02    3.9e-02    1.6e-02
299     2.894e+02   -0.000    2.0e-01|4.0e-01    2.5e-02    4.0e-02    1.6e-02
300     2.894e+02   -0.000    2.0e-01|4.0e-01    2.5e-02    4.1e-02    1.6e-02
301     2.894e+02   -0.000    2.0e-01|4.0e-01    2.6e-02    4.1e-02    1.6e-02
302     2.894e+02   -0.000    2.0e-01|4.0e-01    2.6e-02    4.2e-02    1.6e-02
303     2.894e+02   -0.000    2.0e-01|4.0e-01    2.7e-02    4.2e-02    1.6e-02
304     2.894e+02   -0.000    2.0e-01|4.0e-01    2.7e-02    4.3e-02    1.6e-02
305     2.894e+02   -0.000    2.0e-01|4.0e-01    2.7e-02    4.4e-02    1.6e-02
306     2.894e+02   -0.000    2.0e-01|4.0e-01    2.8e-02    4.4e-02    1.6e-02
307     2.894e+02   -0.000    2.0e-01|4.0e-01    2.8e-02    4.5e-02    1.6e-02
308     2.894e+02   -0.000    2.0e-01|4.0e-01    2.8e-02    4.5e-02    1.6e-02
309     2.894e+02   -0.000    2.0e-01|4.0e-01    2.8e-02    4.6e-02    1.6e-02
310     2.894e+02   -0.000    2.0e-01|4.0e-01    2.9e-02    4.6e-02    1.6e-02
311     2.894e+02   -0.000    2.0e-01|4.0e-01    2.9e-02    4.7e-02    1.6e-02
312     2.894e+02   -0.000    2.0e-01|4.0e-01    2.4e-02    3.7e-02    1.6e-02
313     2.894e+02   -0.000    2.0e-01|4.0e-01    2.4e-02    3.8e-02    1.6e-02
314     2.894e+02   -0.000    2.0e-01|4.0e-01    2.5e-02    3.8e-02    1.6e-02
315     2.894e+02   -0.000    2.0e-01|4.0e-01    2.5e-02    3.8e-02    1.6e-02
316     2.894e+02   -0.000    2.0e-01|4.0e-01    2.5e-02    3.9e-02    1.6e-02
317     2.894e+02   -0.000    2.0e-01|4.0e-01    2.6e-02    3.9e-02    1.6e-02
318     2.894e+02   -0.000    2.0e-01|4.0e-01    2.6e-02    3.9e-02    1.6e-02
319     2.894e+02   -0.000    2.0e-01|4.0e-01    2.6e-02    4.0e-02    1.6e-02
320     2.894e+02   -0.000    2.0e-01|4.0e-01    2.6e-02    4.0e-02    1.6e-02
321     2.894e+02   -0.000    2.0e-01|4.0e-01    2.7e-02    4.0e-02    1.7e-02
322     2.894e+02   -0.000    2.0e-01|4.0e-01    2.7e-02    4.1e-02    1.3e-02
323     2.894e+02   -0.000    2.0e-01|4.0e-01    2.7e-02    4.1e-02    1.3e-02
324     2.894e+02   -0.000    2.0e-01|4.0e-01    2.5e-02    4.0e-02    1.3e-02
325     2.894e+02   -0.000    2.0e-01|4.0e-01    1.5e-02    3.2e-02    1.3e-02
326     2.894e+02   -0.000    2.0e-01|4.0e-01    1.6e-02    3.2e-02    1.3e-02
327     2.894e+02   -0.000    2.0e-01|4.0e-01    1.6e-02    3.2e-02    1.3e-02
328     2.894e+02   -0.000    2.0e-01|4.0e-01    1.7e-02    3.2e-02    1.3e-02
329     2.894e+02   -0.000    2.0e-01|4.0e-01    1.8e-02    3.2e-02    1.3e-02
330     2.894e+02   -0.000    2.0e-01|4.0e-01    1.8e-02    3.3e-02    1.3e-02
331     2.894e+02   -0.000    2.0e-01|4.0e-01    1.9e-02    3.3e-02    1.3e-02
332     2.894e+02   -0.000    2.0e-01|4.0e-01    2.0e-02    3.3e-02    1.3e-02
333     2.894e+02   -0.000    2.0e-01|4.0e-01    2.0e-02    3.3e-02    1.4e-02
334     2.894e+02   -0.000    2.0e-01|4.0e-01    2.1e-02    3.4e-02    1.4e-02
335     2.894e+02   -0.000    2.0e-01|4.0e-01    2.2e-02    3.4e-02    1.4e-02
336     2.894e+02   -0.000    2.0e-01|4.0e-01    2.2e-02    3.5e-02    1.4e-02
337     2.894e+02   -0.000    2.0e-01|4.0e-01    2.3e-02    3.6e-02    1.2e-02
338     2.894e+02   -0.000    2.0e-01|4.0e-01    2.4e-02    3.6e-02    1.2e-02
339     2.894e+02   -0.000    2.0e-01|4.0e-01    2.5e-02    3.7e-02    1.2e-02
340     2.894e+02   -0.000    2.0e-01|4.0e-01    2.5e-02    3.7e-02    1.2e-02
341     2.894e+02   -0.000    2.0e-01|4.0e-01    2.6e-02    3.8e-02    1.2e-02
342     2.894e+02   -0.000    2.0e-01|4.0e-01    2.6e-02    3.9e-02    1.2e-02
343     2.894e+02   -0.000    2.0e-01|4.0e-01    2.7e-02    3.9e-02    1.2e-02
344     2.894e+02   -0.000    2.0e-01|4.0e-01    2.8e-02    4.0e-02    1.2e-02
345     2.894e+02   -0.000    2.0e-01|4.0e-01    2.8e-02    4.1e-02    1.2e-02
346     2.894e+02   -0.000    2.0e-01|4.0e-01    2.9e-02    4.1e-02    1.2e-02
347     2.894e+02   -0.000    2.0e-01|4.0e-01    2.9e-02    4.2e-02    1.2e-02
348     2.894e+02   -0.000    2.0e-01|4.0e-01    3.0e-02    4.2e-02    1.2e-02
349     2.894e+02   -0.000    2.0e-01|4.0e-01    3.0e-02    4.3e-02    1.2e-02
350     2.894e+02   -0.000    2.0e-01|4.0e-01    3.0e-02    4.4e-02    1.2e-02
351     2.894e+02   -0.000    2.0e-01|4.0e-01    3.1e-02    4.4e-02    1.2e-02
352     2.894e+02   -0.000    2.0e-01|4.0e-01    3.1e-02    4.5e-02    1.2e-02
353     2.894e+02   -0.000    2.0e-01|4.0e-01    1.5e-02    3.3e-02    1.2e-02
354     2.894e+02   -0.000    2.0e-01|4.0e-01    1.6e-02    3.1e-02    1.3e-02
355     2.894e+02   -0.000    2.0e-01|4.0e-01    1.6e-02    3.1e-02    1.3e-02
356     2.894e+02   -0.000    2.0e-01|4.0e-01    1.7e-02    3.2e-02    1.3e-02
357     2.894e+02   -0.000    2.0e-01|4.0e-01    1.8e-02    3.2e-02    1.3e-02
358     2.894e+02   -0.000    2.0e-01|4.0e-01    1.8e-02    3.3e-02    1.3e-02
359     2.894e+02   -0.000    2.0e-01|4.0e-01    1.9e-02    3.4e-02    1.3e-02
360     2.894e+02   -0.000    2.0e-01|4.0e-01    1.9e-02    3.4e-02    1.3e-02
361     2.894e+02   -0.000    2.0e-01|4.0e-01    2.0e-02    3.5e-02    1.3e-02
362     2.894e+02   -0.000    2.0e-01|4.0e-01    2.1e-02    3.6e-02    1.3e-02
363     2.894e+02   -0.000    2.0e-01|4.0e-01    2.1e-02    3.6e-02    1.3e-02
364     2.894e+02   -0.000    2.0e-01|4.0e-01    2.2e-02    3.7e-02    1.3e-02
365     2.894e+02   -0.000    2.0e-01|4.0e-01    2.3e-02    3.8e-02    1.3e-02
366     2.894e+02   -0.000    2.0e-01|4.0e-01    2.3e-02    3.9e-02    1.3e-02
367     2.894e+02   -0.000    2.0e-01|4.0e-01    2.4e-02    4.0e-02    1.3e-02
368     2.894e+02   -0.000    2.0e-01|4.0e-01    2.4e-02    4.1e-02    1.3e-02
369     2.894e+02   -0.000    2.0e-01|4.0e-01    2.5e-02    4.1e-02    1.3e-02
370     2.894e+02   -0.000    2.0e-01|4.0e-01    2.6e-02    4.2e-02    1.3e-02
371     2.894e+02   -0.000    2.0e-01|4.0e-01    2.6e-02    4.3e-02    1.3e-02
372     2.894e+02   -0.000    2.0e-01|4.0e-01    2.7e-02    4.4e-02    1.3e-02
373     2.894e+02   -0.000    2.0e-01|4.0e-01    2.7e-02    4.5e-02    1.3e-02
374     2.894e+02   -0.000    2.0e-01|4.0e-01    2.8e-02    4.6e-02    1.3e-02
375     2.894e+02   -0.000    2.0e-01|4.0e-01    2.8e-02    4.7e-02    1.3e-02
376     2.894e+02   -0.000    2.0e-01|4.0e-01    2.8e-02    4.9e-02    1.3e-02
377     2.893e+02   -0.000    2.0e-01|4.0e-01    2.9e-02    5.0e-02    1.3e-02
378     2.893e+02   -0.000    2.0e-01|4.0e-01    2.9e-02    5.1e-02    1.4e-02
379     2.893e+02   -0.000    2.0e-01|4.0e-01    2.9e-02    5.2e-02    1.4e-02
380     2.893e+02   -0.000    2.0e-01|4.0e-01    3.0e-02    5.3e-02    1.4e-02
381     2.893e+02   -0.000    2.0e-01|4.0e-01    2.8e-02    5.3e-02    1.4e-02
382     2.893e+02   -0.000    2.0e-01|4.0e-01    3.0e-02    4.6e-02    1.4e-02
383     2.893e+02   -0.000    2.0e-01|4.0e-01    3.1e-02    4.8e-02    1.3e-02
384     2.893e+02   -0.000    2.0e-01|4.0e-01    3.1e-02    4.9e-02    1.3e-02
385     2.893e+02   -0.000    2.0e-01|4.0e-01    3.2e-02    5.0e-02    1.3e-02
386     2.893e+02   -0.000    2.0e-01|4.0e-01    3.3e-02    5.1e-02    1.2e-02
387     2.893e+02   -0.000    2.0e-01|4.0e-01    3.4e-02    5.3e-02    1.2e-02
388     2.893e+02   -0.000    2.0e-01|4.0e-01    3.5e-02    5.4e-02    1.2e-02
389     2.893e+02   -0.000    2.0e-01|4.0e-01    3.5e-02    5.5e-02    1.2e-02
390     2.893e+02   -0.000    2.0e-01|4.0e-01    3.6e-02    5.7e-02    1.2e-02
391     2.893e+02    0.000    2.0e-01|4.0e-01    3.7e-02    5.8e-02    1.2e-02
392     2.893e+02    0.000    2.0e-01|4.0e-01    2.4e-02    4.7e-02    1.2e-02
393     2.893e+02   -0.000    2.0e-01|4.0e-01    2.5e-02    4.7e-02    1.2e-02
394     2.893e+02   -0.000    2.0e-01|4.0e-01    2.6e-02    4.8e-02    1.2e-02
395     2.893e+02   -0.000    2.0e-01|4.0e-01    2.7e-02    4.9e-02    1.2e-02
396     2.893e+02   -0.000    2.0e-01|4.0e-01    2.8e-02    5.0e-02    1.2e-02
397     2.893e+02   -0.000    2.0e-01|4.0e-01    2.9e-02    5.1e-02    1.2e-02
398     2.893e+02   -0.000    2.0e-01|4.0e-01    3.0e-02    5.2e-02    1.2e-02
399     2.893e+02   -0.000    2.0e-01|4.0e-01    3.1e-02    5.3e-02    1.2e-02
400     2.893e+02   -0.000    2.0e-01|4.0e-01    3.2e-02    5.4e-02    1.2e-02
401     2.893e+02   -0.000    2.0e-01|4.0e-01    3.3e-02    5.5e-02    1.3e-02
402     2.893e+02   -0.000    2.0e-01|4.0e-01    3.3e-02    5.7e-02    1.3e-02
403     2.893e+02   -0.000    2.0e-01|4.0e-01    3.4e-02    5.8e-02    1.3e-02
404     2.893e+02   -0.000    2.0e-01|4.0e-01    3.5e-02    5.9e-02    1.3e-02
405     2.893e+02   -0.000    2.0e-01|4.0e-01    3.6e-02    6.0e-02    1.3e-02
406     2.893e+02   -0.000    2.0e-01|4.0e-01    3.7e-02    6.1e-02    1.3e-02
407     2.893e+02   -0.000    2.0e-01|4.0e-01    3.7e-02    6.2e-02    1.3e-02
408     2.893e+02   -0.000    2.0e-01|4.0e-01    3.8e-02    6.3e-02    1.3e-02
409     2.893e+02   -0.000    2.0e-01|4.0e-01    3.3e-02    5.3e-02    1.3e-02
410     2.893e+02   -0.000    2.0e-01|4.0e-01    3.4e-02    5.3e-02    1.3e-02
411     2.893e+02   -0.000    2.0e-01|4.0e-01    3.4e-02    5.2e-02    1.4e-02
412     2.893e+02   -0.000    2.0e-01|4.0e-01    2.2e-02    3.8e-02    1.3e-02
413     2.893e+02   -0.000    2.0e-01|4.0e-01    2.4e-02    3.8e-02    1.4e-02
414     2.893e+02   -0.000    2.0e-01|4.0e-01    2.5e-02    3.9e-02    1.4e-02
415     2.893e+02   -0.000    2.0e-01|4.0e-01    2.6e-02    4.0e-02    1.4e-02
416     2.893e+02   -0.000    2.0e-01|4.0e-01    2.7e-02    4.1e-02    1.4e-02
417     2.893e+02   -0.000    2.0e-01|4.0e-01    2.9e-02    4.2e-02    1.4e-02
418     2.893e+02   -0.000    2.0e-01|4.0e-01    3.0e-02    4.3e-02    1.4e-02
419     2.893e+02   -0.000    2.0e-01|4.0e-01    3.2e-02    4.4e-02    1.4e-02
420     2.893e+02   -0.000    2.0e-01|4.0e-01    3.3e-02    4.5e-02    1.4e-02
421     2.893e+02   -0.000    2.0e-01|4.0e-01    3.5e-02    4.6e-02    1.4e-02
422     2.893e+02   -0.000    2.0e-01|4.0e-01    3.6e-02    4.7e-02    1.4e-02
423     2.893e+02   -0.000    2.0e-01|4.0e-01    3.8e-02    4.8e-02    1.4e-02
424     2.893e+02   -0.000    2.0e-01|4.0e-01    3.9e-02    4.9e-02    1.4e-02
425     2.893e+02   -0.000    2.0e-01|4.0e-01    4.0e-02    5.0e-02    1.4e-02
426     2.893e+02   -0.000    2.0e-01|4.0e-01    4.2e-02    5.1e-02    1.4e-02
427     2.893e+02   -0.000    2.0e-01|4.0e-01    4.3e-02    5.2e-02    1.5e-02
428     2.893e+02   -0.000    2.0e-01|4.0e-01    4.4e-02    5.3e-02    1.5e-02
429     2.893e+02   -0.000    2.0e-01|4.0e-01    4.6e-02    5.4e-02    1.2e-02
430     2.893e+02   -0.000    2.0e-01|4.0e-01    3.3e-02    4.4e-02    1.2e-02
431     2.893e+02   -0.000    2.0e-01|4.0e-01    1.7e-02    3.0e-02    1.2e-02
432     2.893e+02   -0.000    2.0e-01|4.0e-01    1.7e-02    3.0e-02    1.2e-02
433     2.893e+02   -0.000    2.0e-01|4.0e-01    1.7e-02    3.0e-02    1.2e-02
434     2.893e+02   -0.000    2.0e-01|4.0e-01    1.2e-02    2.4e-02    1.2e-02
435     2.893e+02   -0.000    2.0e-01|4.0e-01    1.2e-02    2.4e-02    1.2e-02
436     2.893e+02   -0.000    2.0e-01|4.0e-01    1.3e-02    2.4e-02    1.2e-02
437     2.893e+02   -0.000    2.0e-01|4.0e-01    1.3e-02    2.4e-02    1.2e-02
438     2.893e+02   -0.000    2.0e-01|4.0e-01    1.3e-02    2.4e-02    1.2e-02
439     2.893e+02   -0.000    2.0e-01|4.0e-01    1.4e-02    2.4e-02    1.2e-02
440     2.893e+02   -0.000    2.0e-01|4.0e-01    1.4e-02    2.4e-02    1.2e-02
441     2.893e+02   -0.000    2.0e-01|4.0e-01    1.4e-02    2.4e-02    1.2e-02
442     2.893e+02   -0.000    2.0e-01|4.0e-01    1.5e-02    2.4e-02    1.2e-02
443     2.893e+02   -0.000    2.0e-01|4.0e-01    1.5e-02    2.4e-02    1.2e-02
444     2.893e+02   -0.000    2.0e-01|4.0e-01    1.6e-02    2.4e-02    1.2e-02
445     2.893e+02   -0.000    2.0e-01|4.0e-01    1.6e-02    2.5e-02    1.2e-02
446     2.893e+02   -0.000    2.0e-01|4.0e-01    1.6e-02    2.5e-02    1.3e-02
447     2.893e+02   -0.000    2.0e-01|4.0e-01    1.7e-02    2.5e-02    1.3e-02
448     2.893e+02   -0.000    2.0e-01|4.0e-01    1.7e-02    2.5e-02    1.3e-02
449     2.893e+02   -0.000    2.0e-01|4.0e-01    1.7e-02    2.6e-02    1.3e-02
450     2.893e+02   -0.000    2.0e-01|4.0e-01    1.7e-02    2.6e-02    1.3e-02
451     2.893e+02   -0.000    2.0e-01|4.0e-01    1.8e-02    2.6e-02    1.3e-02
452     2.893e+02   -0.000    2.0e-01|4.0e-01    1.8e-02    2.7e-02    1.3e-02
453     2.893e+02   -0.000    2.0e-01|4.0e-01    1.8e-02    2.7e-02    1.3e-02
454     2.893e+02   -0.000    2.0e-01|4.0e-01    1.8e-02    2.7e-02    1.3e-02
455     2.893e+02   -0.000    2.0e-01|4.0e-01    1.9e-02    2.8e-02    1.3e-02
456     2.893e+02   -0.000    2.0e-01|4.0e-01    1.9e-02    2.8e-02    1.3e-02
457     2.893e+02   -0.000    2.0e-01|4.0e-01    1.9e-02    2.9e-02    1.3e-02
458     2.893e+02   -0.000    2.0e-01|4.0e-01    1.9e-02    2.9e-02    1.3e-02
459     2.893e+02   -0.000    2.0e-01|4.0e-01    1.9e-02    3.0e-02    1.3e-02
460     2.893e+02   -0.000    2.0e-01|4.0e-01    1.9e-02    3.1e-02    1.3e-02
461     2.893e+02   -0.000    2.0e-01|4.0e-01    2.0e-02    3.1e-02    1.3e-02
462     2.893e+02   -0.000    2.0e-01|4.0e-01    2.0e-02    3.2e-02    1.3e-02
463     2.893e+02   -0.000    2.0e-01|4.0e-01    2.0e-02    3.3e-02    1.4e-02
464     2.893e+02   -0.000    2.0e-01|4.0e-01    2.1e-02    3.3e-02    1.4e-02
465     2.893e+02   -0.000    2.0e-01|4.0e-01    2.2e-02    3.4e-02    1.4e-02
466     2.893e+02   -0.000    2.0e-01|4.0e-01    2.3e-02    3.5e-02    1.4e-02
467     2.893e+02   -0.000    2.0e-01|4.0e-01    2.5e-02    3.6e-02    1.4e-02
468     2.893e+02   -0.000    2.0e-01|4.0e-01    2.6e-02    3.7e-02    1.4e-02
469     2.893e+02   -0.000    2.0e-01|4.0e-01    2.7e-02    3.8e-02    1.4e-02
470     2.893e+02   -0.000    2.0e-01|4.0e-01    2.9e-02    4.0e-02    1.4e-02
471     2.893e+02   -0.000    2.0e-01|4.0e-01    3.0e-02    4.1e-02    1.4e-02
472     2.893e+02   -0.000    2.0e-01|4.0e-01    3.2e-02    4.2e-02    1.4e-02
473     2.893e+02   -0.000    2.0e-01|4.0e-01    3.3e-02    4.3e-02    1.4e-02
474     2.893e+02   -0.000    2.0e-01|4.0e-01    3.5e-02    4.0e-02    1.4e-02
475     2.893e+02   -0.000    2.0e-01|4.0e-01    3.7e-02    4.1e-02    1.1e-02
476     2.893e+02   -0.000    2.0e-01|4.0e-01    3.8e-02    4.3e-02    1.2e-02
477     2.893e+02   -0.000    2.0e-01|4.0e-01    4.0e-02    4.4e-02    1.2e-02
478     2.893e+02   -0.000    2.0e-01|4.0e-01    4.1e-02    4.6e-02    1.2e-02
479     2.893e+02   -0.000    2.0e-01|4.0e-01    4.3e-02    4.7e-02    1.2e-02
480     2.893e+02   -0.000    2.0e-01|4.0e-01    4.4e-02    4.9e-02    1.2e-02
481     2.893e+02   -0.000    2.0e-01|4.0e-01    4.6e-02    5.0e-02    1.2e-02
482     2.893e+02   -0.000    2.0e-01|4.0e-01    4.7e-02    5.2e-02    1.2e-02
483     2.893e+02   -0.000    2.0e-01|4.0e-01    4.5e-02    5.0e-02    1.2e-02
484     2.893e+02   -0.000    2.0e-01|4.0e-01    1.1e-02    2.1e-02    1.2e-02
485     2.893e+02   -0.000    2.0e-01|4.0e-01    1.1e-02    2.1e-02    1.2e-02
486     2.893e+02   -0.000    2.0e-01|4.0e-01    1.1e-02    2.1e-02    1.2e-02
487     2.893e+02   -0.000    2.0e-01|4.0e-01    1.2e-02    2.1e-02    1.2e-02
488     2.893e+02   -0.000    2.0e-01|4.0e-01    1.2e-02    2.1e-02    1.2e-02
489     2.893e+02   -0.000    2.0e-01|4.0e-01    1.2e-02    2.1e-02    1.2e-02
490     2.893e+02   -0.000    2.0e-01|4.0e-01    1.3e-02    2.1e-02    1.2e-02
491     2.893e+02   -0.000    2.0e-01|4.0e-01    1.3e-02    2.1e-02    1.2e-02
492     2.893e+02   -0.000    2.0e-01|4.0e-01    1.3e-02    2.2e-02    1.2e-02
493     2.893e+02   -0.000    2.0e-01|4.0e-01    1.3e-02    2.2e-02    1.2e-02
494     2.893e+02   -0.000    2.0e-01|4.0e-01    1.4e-02    2.2e-02    1.2e-02
495     2.893e+02   -0.000    2.0e-01|4.0e-01    1.4e-02    2.2e-02    1.2e-02
496     2.893e+02   -0.000    2.0e-01|4.0e-01    1.4e-02    2.2e-02    1.2e-02
497     2.893e+02   -0.000    2.0e-01|4.0e-01    1.5e-02    2.2e-02    1.2e-02
498     2.893e+02   -0.000    2.0e-01|4.0e-01    1.5e-02    2.3e-02    1.3e-02
499     2.893e+02   -0.000    2.0e-01|4.0e-01    1.5e-02    2.3e-02    1.3e-02
500     2.893e+02   -0.000    2.0e-01|4.0e-01    1.5e-02    2.3e-02    1.3e-02
501     2.893e+02   -0.000    2.0e-01|4.0e-01    1.6e-02    2.3e-02    1.3e-02
502     2.893e+02   -0.000    2.0e-01|4.0e-01    1.6e-02    2.4e-02    1.3e-02
503     2.893e+02   -0.000    2.0e-01|4.0e-01    1.6e-02    2.4e-02    1.3e-02
504     2.893e+02   -0.000    2.0e-01|4.0e-01    1.6e-02    2.4e-02    1.3e-02
505     2.893e+02   -0.000    2.0e-01|4.0e-01    1.7e-02    2.4e-02    1.3e-02
506     2.893e+02   -0.000    2.0e-01|4.0e-01    1.7e-02    2.5e-02    1.3e-02
507     2.893e+02   -0.000    2.0e-01|4.0e-01    1.7e-02    2.5e-02    1.3e-02
508     2.893e+02   -0.000    2.0e-01|4.0e-01    1.7e-02    2.5e-02    1.3e-02
509     2.893e+02   -0.000    2.0e-01|4.0e-01    1.7e-02    2.5e-02    1.3e-02
510     2.893e+02   -0.000    2.0e-01|4.0e-01    1.7e-02    2.6e-02    1.3e-02
511     2.893e+02   -0.000    2.0e-01|4.0e-01    1.8e-02    2.6e-02    1.3e-02
512     2.893e+02   -0.000    2.0e-01|4.0e-01    1.8e-02    2.6e-02    1.3e-02
513     2.893e+02   -0.000    2.0e-01|4.0e-01    1.8e-02    2.6e-02    1.3e-02
514     2.893e+02   -0.000    2.0e-01|4.0e-01    1.8e-02    2.7e-02    1.3e-02
515     2.893e+02   -0.000    2.0e-01|4.0e-01    1.8e-02    2.7e-02    1.3e-02
516     2.893e+02   -0.000    2.0e-01|4.0e-01    1.8e-02    2.7e-02    1.3e-02
517     2.893e+02   -0.000    2.0e-01|4.0e-01    1.8e-02    2.7e-02    1.3e-02
518     2.893e+02   -0.000    2.0e-01|4.0e-01    1.8e-02    2.8e-02    1.3e-02
519     2.893e+02   -0.000    2.0e-01|4.0e-01    1.8e-02    2.8e-02    1.3e-02
520     2.893e+02   -0.000    2.0e-01|4.0e-01    1.8e-02    2.8e-02    1.4e-02
521     2.893e+02   -0.000    2.0e-01|4.0e-01    1.8e-02    2.8e-02    1.4e-02
522     2.893e+02   -0.000    2.0e-01|4.0e-01    1.8e-02    2.9e-02    1.4e-02
523     2.893e+02   -0.000    2.0e-01|4.0e-01    1.7e-02    2.9e-02    1.1e-02
524     2.893e+02   -0.000    2.0e-01|4.0e-01    1.7e-02    2.9e-02    1.1e-02
525     2.893e+02   -0.000    2.0e-01|4.0e-01    1.7e-02    3.0e-02    1.1e-02
526     2.893e+02   -0.000    2.0e-01|4.0e-01    1.7e-02    3.0e-02    1.1e-02
527     2.893e+02   -0.000    2.0e-01|4.0e-01    1.7e-02    3.0e-02    1.1e-02
528     2.893e+02   -0.000    2.0e-01|4.0e-01    1.7e-02    3.1e-02    1.1e-02
529     2.893e+02   -0.000    2.0e-01|4.0e-01    1.7e-02    2.8e-02    1.1e-02
530     2.893e+02   -0.000    2.0e-01|4.0e-01    1.7e-02    2.7e-02    1.1e-02
531     2.893e+02   -0.000    2.0e-01|4.0e-01    1.7e-02    2.7e-02    1.1e-02
532     2.893e+02   -0.000    2.0e-01|4.0e-01    1.8e-02    2.8e-02    1.1e-02
533     2.893e+02   -0.000    2.0e-01|4.0e-01    1.8e-02    2.8e-02    1.1e-02
534     2.893e+02   -0.000    2.0e-01|4.0e-01    1.8e-02    2.9e-02    1.1e-02
535     2.893e+02   -0.000    2.0e-01|4.0e-01    1.8e-02    3.0e-02    1.1e-02
536     2.893e+02   -0.000    2.0e-01|4.0e-01    1.9e-02    3.0e-02    1.2e-02
537     2.893e+02   -0.000    2.0e-01|4.0e-01    1.9e-02    3.1e-02    1.2e-02
538     2.893e+02   -0.000    2.0e-01|4.0e-01    1.9e-02    3.2e-02    1.2e-02
539     2.893e+02   -0.000    2.0e-01|4.0e-01    1.9e-02    3.3e-02    1.2e-02
540     2.893e+02   -0.000    2.0e-01|4.0e-01    2.0e-02    3.4e-02    1.2e-02
541     2.893e+02   -0.000    2.0e-01|4.0e-01    2.1e-02    3.4e-02    1.2e-02
542     2.893e+02    0.000    2.0e-01|4.0e-01    2.2e-02    3.5e-02    1.2e-02
543     2.892e+02    0.000    2.0e-01|4.0e-01    2.4e-02    3.6e-02    1.2e-02
544     2.892e+02    0.000    2.0e-01|4.0e-01    2.5e-02    3.7e-02    1.2e-02
545     2.892e+02    0.000    2.0e-01|4.0e-01    2.6e-02    3.8e-02    1.2e-02
546     2.892e+02    0.000    2.0e-01|4.0e-01    2.7e-02    3.9e-02    1.2e-02
547     2.892e+02    0.000    2.0e-01|4.0e-01    2.8e-02    4.0e-02    1.2e-02
548     2.892e+02    0.000    2.0e-01|4.0e-01    2.9e-02    4.1e-02    1.2e-02
549     2.892e+02    0.000    2.0e-01|4.0e-01    3.0e-02    4.2e-02    1.2e-02
550     2.892e+02    0.000    2.0e-01|4.0e-01    3.1e-02    4.3e-02    1.2e-02
551     2.892e+02    0.000    2.0e-01|4.0e-01    3.2e-02    4.4e-02    1.3e-02
552     2.892e+02    0.000    2.0e-01|4.0e-01    3.4e-02    4.5e-02    1.3e-02
553     2.892e+02    0.000    2.0e-01|4.0e-01    3.5e-02    4.3e-02    1.3e-02
554     2.892e+02    0.000    2.0e-01|4.0e-01    3.6e-02    4.2e-02    1.3e-02
555     2.892e+02   -0.000    2.0e-01|4.0e-01    3.7e-02    4.3e-02    1.3e-02
556     2.892e+02   -0.000    2.0e-01|4.0e-01    3.8e-02    4.4e-02    1.3e-02
557     2.892e+02   -0.000    2.0e-01|4.0e-01    3.8e-02    4.5e-02    1.3e-02
558     2.892e+02   -0.000    2.0e-01|4.0e-01    3.9e-02    4.6e-02    1.3e-02
559     2.892e+02   -0.000    2.0e-01|4.0e-01    4.0e-02    4.7e-02    1.3e-02
560     2.892e+02   -0.000    2.0e-01|4.0e-01    3.7e-02    4.4e-02    1.3e-02
561     2.892e+02   -0.000    2.0e-01|4.0e-01    9.7e-03    2.4e-02    1.3e-02

Termination at X = xopt_*.txt

...based on convergence limit and Infinity norm of last step

