
Bayesian global optimization 100 runs with 3 in parallel... 

!   0     1.087e+03 1084.563    2.0e-01|4.0e-01    2.0e-01    1.6e+01    4.0e+01
!   0     1.095e+03 1051.679    2.0e-01|4.0e-01    2.0e-01    1.6e+01    2.7e+01
!   0     9.864e+02 1144.847    2.0e-01|4.0e-01    2.0e-01    1.6e+01    2.8e+01
! 100     3.034e+02   -0.002    2.0e-01|4.0e-01    1.1e-01    2.6e-01    4.8e-02
! 100     2.992e+02    0.002    2.0e-01|4.0e-01    9.5e-02    3.4e-01    4.2e-02
! 100     3.016e+02   -0.003    2.0e-01|4.0e-01    1.1e-01    3.8e-01    4.3e-02
! 200     3.019e+02   -0.000    2.0e-01|4.0e-01    8.1e-02    1.7e-01    3.1e-02
! 200     2.963e+02   -0.002    2.0e-01|4.0e-01    1.3e-01    2.2e-01    6.1e-02
! 200     2.998e+02   -0.001    2.0e-01|4.0e-01    5.9e-02    1.1e-01    3.7e-02
! 300     2.911e+02    0.009    2.0e-01|4.0e-01    1.1e-01    2.6e-01    1.0e-01
! 300     3.007e+02    0.001    2.0e-01|4.0e-01    1.4e-01    1.9e-01    3.9e-02
! 300     2.991e+02   -0.001    2.0e-01|4.0e-01    4.7e-02    7.9e-02    3.6e-02
! 400     2.884e+02    0.003    2.0e-01|4.0e-01    9.5e-02    1.0e-01    5.8e-02
! 400     3.003e+02   -0.001    2.0e-01|4.0e-01    7.4e-02    9.1e-02    3.8e-02
! 400     2.987e+02    0.000    2.0e-01|4.0e-01    5.3e-02    8.8e-02    3.8e-02
*   3     2.880e+02    0.002    1       475
!   0     1.085e+03 1059.196    2.0e-01|4.0e-01    2.0e-01    1.6e+01    1.5e+01
*   1     2.998e+02   -0.001    1       493
!   0     1.081e+03 1036.243    2.0e-01|4.0e-01    2.0e-01    1.6e+01    9.5e+00
! 500     2.982e+02    0.000    2.0e-01|4.0e-01    1.3e-01    1.3e-01    4.0e-02
*   2     2.980e+02   -0.001    1       582
! 100     2.921e+02    0.008    2.0e-01|4.0e-01    8.2e-02    2.5e-01    3.5e-02
!   0     1.048e+03 1063.219    2.0e-01|4.0e-01    2.0e-01    1.6e+01    1.6e+01
! 100     2.907e+02    0.021    2.0e-01|4.0e-01    1.0e-01    2.5e-01    4.6e-02
