3.321384396058971511e+00
3.261892657812925034e+00
3.235128236309644301e+00
3.183312877901718796e+00
3.175218512278704441e+00
2.709866152556849705e+00
2.661284842898015146e+00
2.984928184882857050e+00
2.562202636036837511e+00
2.506202755918754299e+00
2.451274430495697487e+00
2.393919964543633760e+00
2.329027461926364229e+00
2.267462403703788265e+00
2.439206401431727844e+00
2.204603222325278722e+00
2.128520476930054084e+00
2.361007944161784167e+00
2.250300192901628193e+00
1.859431649083062243e+00
1.749790945154380939e+00
1.525753893994695742e+00
1.475826964829926924e+00
1.289249883821630194e+00
2.222643062905766520e+00
6.642030313492394100e+01
6.523032905731595577e+01
6.469533861331407820e+01
6.365902769075883327e+01
6.349770201473799602e+01
5.419873068609464184e+01
5.322207480829261073e+01
5.969165349832613288e+01
5.124065142143226126e+01
5.012075022517130662e+01
4.902230407101728105e+01
4.787534069925970925e+01
4.657759665394561921e+01
4.534644375402547212e+01
4.878171290978278307e+01
4.409382562962304775e+01
4.257209048451299083e+01
4.721517852663642856e+01
4.500101788537983083e+01
3.719001848341049055e+01
3.499707741940582650e+01
3.051372077957739037e+01
2.951745765893264561e+01
2.578566353695023849e+01
1.388624955481076739e+01
