3.234082080494379952e+00
3.189470256640759782e+00
3.143586663749344368e+00
3.096313906051495923e+00
3.047544430320568321e+00
2.997165539323741079e+00
2.945042625388913482e+00
2.891007063608503458e+00
2.834873305481526717e+00
2.776453057846286487e+00
2.715410721543077166e+00
2.651483726364523896e+00
2.584304906199490048e+00
2.513595653400388041e+00
2.438558900316569744e+00
2.358597535238657894e+00
2.272862280203566954e+00
2.180105579774978430e+00
2.078727270039224528e+00
1.966393113553924765e+00
1.839597365517343430e+00
1.692506000666941901e+00
1.514568028244035913e+00
1.288841662715116909e+00
1.023043238917119124e+00
6.468145387246448763e+01
6.378931232800659501e+01
6.287147531048169924e+01
6.192608270521996872e+01
6.095087807487470144e+01
5.994343980652515569e+01
5.890097243475824484e+01
5.782025601674084214e+01
5.669756995736804583e+01
5.552862404357312442e+01
5.430822104387508631e+01
5.303042010212100621e+01
5.168789706212280066e+01
5.027195487045283073e+01
4.877143172872008137e+01
4.717248683292840639e+01
4.545733496877972613e+01
4.360221261649250835e+01
4.157460061599297063e+01
3.932790434454340556e+01
3.679158352453676883e+01
3.385017604373132372e+01
3.029143113682855670e+01
2.577728434083435971e+01
2.045982797331635794e+01
