
  k           Obj      Vio          Mov             |dX|     ||dX||      |kkt|
  0     6.044e+03   -0.000    2.0e-01|2.0e-01    1.0e-01    3.0e+00    2.3e+03
  1     6.818e+03   -0.174    2.0e-01|2.0e-01    1.0e-01    1.9e+00    6.5e+02
  2     3.287e+03    0.020    1.0e-01|2.0e-01    1.0e-01    1.6e+00    2.2e+02
  3     2.622e+03   -0.013    1.0e-01|2.0e-01    1.0e-01    1.4e+00    1.4e+02
  4     2.083e+03    0.007    1.0e-01|2.0e-01    1.0e-01    1.4e+00    8.4e+01
  5     1.918e+03   -0.009    1.0e-01|2.0e-01    1.0e-01    1.5e+00    5.3e+01
  6     1.732e+03   -0.010    1.0e-01|2.0e-01    1.0e-01    1.8e+00    3.8e+01
  7     1.570e+03   -0.013    1.0e-01|2.0e-01    1.0e-01    1.6e+00    2.8e+01
  8     1.335e+03   -0.001    1.0e-01|2.0e-01    1.0e-01    1.5e+00    2.2e+01
  9     1.202e+03   -0.005    1.0e-01|2.0e-01    1.0e-01    1.7e+00    1.6e+01
 10     1.078e+03   -0.006    1.0e-01|2.0e-01    1.0e-01    1.7e+00    2.3e+01
 11     9.681e+02   -0.008    1.0e-01|2.0e-01    1.0e-01    1.8e+00    1.6e+01
 12     8.317e+02    0.006    1.0e-01|2.0e-01    1.0e-01    1.6e+00    7.8e+00
 13     8.387e+02   -0.036    1.0e-01|2.0e-01    1.0e-01    1.6e+00    8.6e+00
 14     7.062e+02   -0.004    1.0e-01|2.0e-01    1.0e-01    1.4e+00    6.2e+00
 15     6.526e+02   -0.002    1.0e-01|2.0e-01    1.0e-01    1.4e+00    4.6e+00
 16     6.166e+02   -0.002    1.0e-01|2.0e-01    1.0e-01    1.4e+00    3.7e+00
 17     5.920e+02   -0.002    1.0e-01|2.0e-01    1.0e-01    1.2e+00    4.3e+00
 18     5.690e+02    0.003    1.0e-01|2.0e-01    1.0e-01    9.8e-01    4.3e+00
 19     5.683e+02   -0.003    1.0e-01|2.0e-01    1.0e-01    8.9e-01    2.9e+00
 20     5.569e+02   -0.000    1.0e-01|2.0e-01    1.0e-01    9.4e-01    2.8e+00
 21     5.516e+02   -0.000    1.0e-01|2.0e-01    1.0e-01    9.0e-01    3.7e+00
 22     5.481e+02   -0.001    1.0e-01|2.0e-01    1.0e-01    9.0e-01    3.5e+00
 23     5.361e+02    0.004    1.0e-01|2.0e-01    1.0e-01    8.5e-01    3.1e+00
 24     5.451e+02   -0.005    1.0e-01|2.0e-01    1.0e-01    8.1e-01    2.1e+00
 25     5.352e+02   -0.000    1.0e-01|2.0e-01    1.0e-01    7.9e-01    2.4e+00
 26     5.307e+02   -0.000    1.0e-01|2.0e-01    1.0e-01    8.3e-01    2.8e+00
 27     5.257e+02   -0.000    1.0e-01|2.0e-01    1.0e-01    8.2e-01    3.6e+00
 28     5.209e+02   -0.001    1.0e-01|2.0e-01    1.0e-01    8.3e-01    4.4e+00
 29     5.109e+02    0.004    1.0e-01|2.0e-01    1.0e-01    7.9e-01    4.9e+00
 30     5.232e+02   -0.008    1.0e-01|2.0e-01    1.0e-01    7.1e-01    1.7e+00
 31     5.108e+02   -0.000    1.0e-01|2.0e-01    1.0e-01    7.1e-01    1.3e+00
 32     5.099e+02   -0.000    1.0e-01|2.0e-01    1.0e-01    6.6e-01    2.4e+00
 33     5.024e+02    0.004    1.0e-01|2.0e-01    1.0e-01    6.3e-01    1.5e+00
 34     5.098e+02   -0.003    1.0e-01|2.0e-01    1.0e-01    6.9e-01    2.1e+00
 35     5.042e+02    0.001    1.0e-01|2.0e-01    1.0e-01    6.8e-01    1.9e+00
 36     5.108e+02   -0.005    1.0e-01|2.0e-01    1.0e-01    5.8e-01    2.2e+00
 37     4.996e+02    0.003    1.0e-01|2.0e-01    1.0e-01    6.3e-01    1.1e+00
 38     5.079e+02   -0.003    1.0e-01|2.0e-01    1.0e-01    6.1e-01    2.2e+00
 39     5.008e+02    0.002    1.0e-01|2.0e-01    1.0e-01    6.6e-01    1.6e+00
 40     5.071e+02   -0.004    1.0e-01|2.0e-01    1.0e-01    5.6e-01    1.6e+00
 41     5.016e+02   -0.000    1.0e-01|2.0e-01    1.0e-01    6.7e-01    1.7e+00
 42     5.010e+02   -0.000    1.0e-01|2.0e-01    1.0e-01    6.3e-01    1.7e+00
 43     4.993e+02    0.000    1.0e-01|2.0e-01    1.0e-01    6.0e-01    1.2e+00
 44     5.007e+02   -0.002    1.0e-01|2.0e-01    1.0e-01    6.2e-01    1.4e+00
 45     4.982e+02   -0.000    1.0e-01|2.0e-01    1.0e-01    6.7e-01    2.0e+00
 46     4.957e+02    0.001    1.0e-01|2.0e-01    1.0e-01    6.0e-01    1.7e+00
 47     4.963e+02   -0.000    1.0e-01|2.0e-01    1.0e-01    5.6e-01    1.3e+00
 48     4.947e+02    0.000    1.0e-01|2.0e-01    1.0e-01    6.0e-01    1.7e+00
 49     5.001e+02   -0.005    1.0e-01|2.0e-01    1.0e-01    6.5e-01    1.9e+00
 50     4.928e+02    0.000    1.0e-01|2.0e-01    1.0e-01    6.8e-01    2.5e+00
 51     4.971e+02   -0.004    1.0e-01|2.0e-01    1.0e-01    7.5e-01    2.0e+00
 52     4.902e+02   -0.000    1.0e-01|2.0e-01    1.0e-01    7.4e-01    2.2e+00
 53     4.878e+02    0.000    1.0e-01|2.0e-01    1.0e-01    7.4e-01    1.9e+00
 54     4.881e+02   -0.002    1.0e-01|2.0e-01    1.0e-01    7.7e-01    2.1e+00
 55     4.837e+02   -0.000    1.0e-01|2.0e-01    1.0e-01    7.0e-01    2.0e+00
 56     4.804e+02   -0.000    1.0e-01|2.0e-01    1.0e-01    7.2e-01    2.0e+00
 57     4.774e+02   -0.000    1.0e-01|2.0e-01    1.0e-01    7.9e-01    3.5e+00
 58     4.729e+02   -0.000    1.0e-01|2.0e-01    1.0e-01    7.4e-01    4.6e+00
 59     4.676e+02   -0.001    1.0e-01|2.0e-01    1.0e-01    7.5e-01    4.9e+00
 60     4.614e+02   -0.000    1.0e-01|2.0e-01    1.0e-01    6.9e-01    4.2e+00
 61     4.566e+02   -0.000    1.0e-01|2.0e-01    1.0e-01    5.8e-01    4.2e+00
 62     4.526e+02    0.000    1.0e-01|2.0e-01    1.0e-01    6.0e-01    2.2e+00
 63     4.514e+02   -0.000    1.0e-01|2.0e-01    1.0e-01    6.6e-01    2.0e+00
 64     4.494e+02    0.001    1.0e-01|2.0e-01    1.0e-01    6.1e-01    1.4e+00
 65     4.488e+02   -0.000    1.0e-01|2.0e-01    1.0e-01    6.6e-01    1.7e+00
 66     4.468e+02   -0.000    1.0e-01|2.0e-01    1.0e-01    6.5e-01    2.0e+00
 67     4.439e+02   -0.000    1.0e-01|2.0e-01    1.0e-01    6.9e-01    2.7e+00
 68     4.401e+02   -0.000    1.0e-01|2.0e-01    1.0e-01    6.8e-01    3.2e+00
 69     4.362e+02   -0.000    1.0e-01|2.0e-01    1.0e-01    6.4e-01    3.8e+00
 70     4.325e+02   -0.000    1.0e-01|2.0e-01    1.0e-01    5.7e-01    3.9e+00
 71     4.293e+02   -0.000    1.0e-01|2.0e-01    1.0e-01    5.2e-01    3.9e+00
 72     4.266e+02   -0.000    1.0e-01|2.0e-01    1.0e-01    5.9e-01    8.3e-01
 73     4.249e+02   -0.000    1.0e-01|2.0e-01    1.0e-01    5.4e-01    9.2e-01
 74     4.224e+02    0.002    1.0e-01|2.0e-01    1.0e-01    4.7e-01    5.6e-01
 75     4.255e+02   -0.001    1.0e-01|2.0e-01    1.0e-01    4.3e-01    5.2e-01
 76     4.241e+02   -0.000    1.0e-01|2.0e-01    1.0e-01    4.7e-01    5.4e-01
 77     4.241e+02   -0.000    1.0e-01|2.0e-01    1.0e-01    5.0e-01    7.0e-01
 78     4.208e+02    0.003    1.0e-01|2.0e-01    1.0e-01    4.3e-01    8.4e-01
 79     4.239e+02   -0.000    1.0e-01|2.0e-01    1.0e-01    4.4e-01    6.6e-01
 80     4.239e+02   -0.000    1.0e-01|2.0e-01    1.0e-01    4.0e-01    6.6e-01
 81     4.237e+02   -0.000    1.0e-01|2.0e-01    1.0e-01    3.7e-01    7.7e-01
 82     4.224e+02    0.001    1.0e-01|2.0e-01    1.0e-01    4.2e-01    4.4e-01
 83     4.236e+02   -0.000    1.0e-01|2.0e-01    1.0e-01    4.7e-01    5.7e-01
 84     4.214e+02    0.002    1.0e-01|2.0e-01    1.0e-01    4.8e-01    4.7e-01
 85     4.235e+02   -0.000    1.0e-01|2.0e-01    1.0e-01    4.7e-01    5.1e-01
 86     4.234e+02   -0.000    1.0e-01|2.0e-01    1.0e-01    4.2e-01    6.3e-01
 87     4.214e+02    0.002    1.0e-01|2.0e-01    1.0e-01    4.1e-01    4.3e-01
 88     4.231e+02   -0.000    1.0e-01|2.0e-01    1.0e-01    4.7e-01    6.4e-01
 89     4.229e+02    0.000    1.0e-01|2.0e-01    1.0e-01    4.5e-01    6.9e-01
 90     4.231e+02   -0.000    1.0e-01|2.0e-01    1.0e-01    4.9e-01    6.6e-01
 91     4.228e+02   -0.000    1.0e-01|2.0e-01    1.0e-01    4.5e-01    5.2e-01
 92     4.207e+02    0.002    1.0e-01|2.0e-01    1.0e-01    4.0e-01    4.7e-01
 93     4.238e+02   -0.001    1.0e-01|2.0e-01    1.0e-01    4.6e-01    7.9e-01
 94     4.209e+02    0.002    1.0e-01|2.0e-01    1.0e-01    5.4e-01    5.7e-01
 95     4.230e+02   -0.001    1.0e-01|2.0e-01    1.0e-01    4.9e-01    6.7e-01
 96     4.217e+02    0.001    1.0e-01|2.0e-01    1.0e-01    4.4e-01    7.6e-01
 97     4.220e+02   -0.000    1.0e-01|2.0e-01    1.0e-01    4.3e-01    3.8e-01
 98     4.219e+02   -0.000    1.0e-01|2.0e-01    1.0e-01    5.4e-01    7.7e-01
 99     4.219e+02   -0.000    1.0e-01|2.0e-01    1.0e-01    5.7e-01    7.1e-01
100     4.201e+02    0.002    1.0e-01|2.0e-01    1.0e-01    5.4e-01    1.0e+00
101     4.224e+02   -0.001    1.0e-01|2.0e-01    1.0e-01    4.4e-01    5.9e-01
102     4.211e+02   -0.000    1.0e-01|2.0e-01    1.0e-01    5.0e-01    5.4e-01
103     4.204e+02    0.000    1.0e-01|2.0e-01    1.0e-01    5.3e-01    6.5e-01
104     4.212e+02   -0.001    1.0e-01|2.0e-01    1.0e-01    4.9e-01    7.0e-01
105     4.205e+02   -0.000    1.0e-01|2.0e-01    1.0e-01    4.5e-01    6.6e-01
106     4.200e+02    0.000    1.0e-01|2.0e-01    1.0e-01    4.3e-01    6.9e-01
107     4.201e+02   -0.000    1.0e-01|2.0e-01    1.0e-01    4.5e-01    5.4e-01
108     4.198e+02   -0.000    1.0e-01|2.0e-01    1.0e-01    5.2e-01    6.3e-01
109     4.189e+02    0.001    1.0e-01|2.0e-01    1.0e-01    5.4e-01    6.0e-01
110     4.225e+02   -0.003    1.0e-01|2.0e-01    1.0e-01    5.2e-01    9.2e-01
111     4.193e+02   -0.000    1.0e-01|2.0e-01    1.0e-01    4.2e-01    7.3e-01
112     4.190e+02   -0.000    1.0e-01|2.0e-01    1.0e-01    5.0e-01    5.3e-01
113     4.181e+02    0.001    1.0e-01|2.0e-01    1.0e-01    4.8e-01    6.7e-01
114     4.193e+02   -0.001    1.0e-01|2.0e-01    1.0e-01    5.1e-01    6.7e-01
115     4.161e+02    0.002    1.0e-01|2.0e-01    1.0e-01    5.7e-01    5.3e-01
116     4.211e+02   -0.003    1.0e-01|2.0e-01    1.0e-01    5.1e-01    5.8e-01
117     4.180e+02   -0.000    1.0e-01|2.0e-01    1.0e-01    4.7e-01    6.9e-01
118     4.174e+02    0.000    1.0e-01|2.0e-01    1.0e-01    4.8e-01    8.8e-01
119     4.178e+02   -0.000    1.0e-01|2.0e-01    1.0e-01    5.5e-01    6.8e-01
120     4.172e+02   -0.000    1.0e-01|2.0e-01    1.0e-01    4.8e-01    6.8e-01
121     4.147e+02    0.002    1.0e-01|2.0e-01    1.0e-01    4.2e-01    4.7e-01
122     4.173e+02   -0.001    1.0e-01|2.0e-01    1.0e-01    4.9e-01    4.2e-01
123     4.154e+02    0.001    1.0e-01|2.0e-01    1.0e-01    4.9e-01    4.5e-01
124     4.164e+02   -0.000    1.0e-01|2.0e-01    1.0e-01    4.9e-01    6.6e-01
125     4.159e+02    0.000    1.0e-01|2.0e-01    1.0e-01    3.9e-01    5.4e-01
126     4.160e+02   -0.000    1.0e-01|2.0e-01    1.0e-01    4.5e-01    4.7e-01
127     4.157e+02   -0.000    1.0e-01|2.0e-01    1.0e-01    5.1e-01    4.1e-01
128     4.156e+02   -0.000    1.0e-01|2.0e-01    1.0e-01    4.1e-01    7.6e-01
129     4.150e+02    0.000    1.0e-01|2.0e-01    1.0e-01    3.8e-01    5.7e-01
130     4.163e+02   -0.001    1.0e-01|2.0e-01    1.0e-01    4.7e-01    4.9e-01
131     4.144e+02    0.001    1.0e-01|2.0e-01    1.0e-01    4.8e-01    6.9e-01
132     4.159e+02   -0.001    1.0e-01|2.0e-01    1.0e-01    4.3e-01    5.3e-01
133     4.151e+02   -0.000    1.0e-01|2.0e-01    1.0e-01    4.6e-01    4.8e-01
134     4.130e+02    0.002    1.0e-01|2.0e-01    1.0e-01    5.2e-01    4.6e-01
135     4.158e+02   -0.001    1.0e-01|2.0e-01    1.0e-01    4.5e-01    1.1e+00
136     4.147e+02   -0.000    1.0e-01|2.0e-01    1.0e-01    4.7e-01    5.1e-01
137     4.139e+02    0.000    1.0e-01|2.0e-01    1.0e-01    4.9e-01    4.3e-01
138     4.145e+02   -0.000    1.0e-01|2.0e-01    1.0e-01    5.5e-01    6.2e-01
139     4.136e+02    0.000    1.0e-01|2.0e-01    1.0e-01    5.5e-01    6.2e-01
140     4.139e+02   -0.000    1.0e-01|2.0e-01    1.0e-01    4.9e-01    5.8e-01
141     4.135e+02   -0.000    1.0e-01|2.0e-01    1.0e-01    4.2e-01    5.7e-01
142     4.123e+02    0.001    1.0e-01|2.0e-01    1.0e-01    4.9e-01    4.2e-01
143     4.133e+02   -0.000    1.0e-01|2.0e-01    1.0e-01    5.0e-01    7.7e-01
144     4.130e+02   -0.000    1.0e-01|2.0e-01    1.0e-01    4.6e-01    5.4e-01
145     4.094e+02    0.004    1.0e-01|2.0e-01    1.0e-01    5.0e-01    5.2e-01
146     4.149e+02   -0.002    1.0e-01|2.0e-01    1.0e-01    3.8e-01    8.6e-01
147     4.101e+02    0.003    1.0e-01|2.0e-01    1.0e-01    4.9e-01    3.3e-01
148     4.137e+02   -0.001    1.0e-01|2.0e-01    1.0e-01    5.6e-01    4.7e-01
149     4.084e+02    0.004    1.0e-01|2.0e-01    1.0e-01    5.0e-01    5.7e-01
150     4.147e+02   -0.003    1.0e-01|2.0e-01    1.0e-01    4.1e-01    4.9e-01
151     4.107e+02    0.001    1.0e-01|2.0e-01    1.0e-01    3.9e-01    4.4e-01
152     4.121e+02   -0.000    1.0e-01|2.0e-01    1.0e-01    4.8e-01    4.8e-01
153     4.119e+02   -0.000    1.0e-01|2.0e-01    1.0e-01    5.6e-01    6.7e-01
154     4.108e+02    0.001    1.0e-01|2.0e-01    1.0e-01    5.1e-01    6.8e-01
155     4.116e+02   -0.000    1.0e-01|2.0e-01    1.0e-01    4.3e-01    5.7e-01
156     4.111e+02    0.000    1.0e-01|2.0e-01    1.0e-01    4.3e-01    5.0e-01
157     4.129e+02   -0.002    1.0e-01|2.0e-01    1.0e-01    6.1e-01    4.6e-01
158     4.112e+02   -0.000    1.0e-01|2.0e-01    1.0e-01    5.3e-01    6.9e-01
159     4.109e+02   -0.000    1.0e-01|2.0e-01    1.0e-01    4.4e-01    5.6e-01
160     4.104e+02    0.000    1.0e-01|2.0e-01    1.0e-01    5.0e-01    5.4e-01
161     4.114e+02   -0.001    1.0e-01|2.0e-01    1.0e-01    5.2e-01    5.5e-01
162     4.100e+02    0.000    1.0e-01|2.0e-01    1.0e-01    4.4e-01    6.8e-01
163     4.126e+02   -0.003    1.0e-01|2.0e-01    1.0e-01    4.0e-01    5.4e-01
164     4.100e+02   -0.000    1.0e-01|2.0e-01    1.0e-01    5.2e-01    4.7e-01
165     4.086e+02    0.001    1.0e-01|2.0e-01    1.0e-01    6.1e-01    6.3e-01
166     4.128e+02   -0.003    1.0e-01|2.0e-01    1.0e-01    4.7e-01    6.7e-01
167     4.087e+02    0.001    1.0e-01|2.0e-01    1.0e-01    4.4e-01    4.4e-01
168     4.094e+02   -0.000    1.0e-01|2.0e-01    1.0e-01    5.0e-01    4.5e-01
169     4.090e+02   -0.000    1.0e-01|2.0e-01    1.0e-01    5.7e-01    4.8e-01
170     4.078e+02    0.001    1.0e-01|2.0e-01    1.0e-01    5.0e-01    5.5e-01
171     4.094e+02   -0.001    1.0e-01|2.0e-01    1.0e-01    4.7e-01    6.6e-01
172     4.082e+02   -0.000    1.0e-01|2.0e-01    1.0e-01    4.6e-01    5.8e-01
173     4.063e+02    0.002    1.0e-01|2.0e-01    1.0e-01    4.3e-01    5.5e-01
174     4.078e+02   -0.000    1.0e-01|2.0e-01    1.0e-01    4.7e-01    6.2e-01
175     4.077e+02   -0.000    1.0e-01|2.0e-01    1.0e-01    4.3e-01    4.6e-01
176     4.076e+02   -0.000    1.0e-01|2.0e-01    1.0e-01    4.3e-01    6.3e-01
177     4.039e+02    0.004    1.0e-01|2.0e-01    1.0e-01    5.0e-01    5.2e-01
178     4.093e+02   -0.002    1.0e-01|2.0e-01    1.0e-01    4.8e-01    7.0e-01
179     4.047e+02    0.002    1.0e-01|2.0e-01    1.0e-01    4.3e-01    3.8e-01
180     4.075e+02   -0.001    1.0e-01|2.0e-01    1.0e-01    4.2e-01    3.4e-01
181     4.067e+02   -0.000    1.0e-01|2.0e-01    1.0e-01    4.1e-01    4.4e-01
182     4.059e+02    0.001    1.0e-01|2.0e-01    1.0e-01    4.4e-01    5.2e-01
183     4.084e+02   -0.002    1.0e-01|2.0e-01    1.0e-01    4.4e-01    4.5e-01
184     4.061e+02    0.001    1.0e-01|2.0e-01    1.0e-01    4.3e-01    5.1e-01
185     4.075e+02   -0.001    1.0e-01|2.0e-01    1.0e-01    3.5e-01    4.2e-01
186     4.065e+02   -0.000    1.0e-01|2.0e-01    1.0e-01    3.6e-01    5.4e-01
187     4.065e+02   -0.000    1.0e-01|2.0e-01    1.0e-01    4.1e-01    4.7e-01
188     4.063e+02    0.000    1.0e-01|2.0e-01    1.0e-01    4.9e-01    6.4e-01
189     4.069e+02   -0.000    1.0e-01|2.0e-01    1.0e-01    4.2e-01    7.3e-01
190     4.058e+02    0.001    1.0e-01|2.0e-01    1.0e-01    4.4e-01    5.4e-01
191     4.071e+02   -0.001    1.0e-01|2.0e-01    1.0e-01    4.8e-01    6.0e-01
192     4.063e+02   -0.000    1.0e-01|2.0e-01    1.0e-01    4.2e-01    6.5e-01
193     4.024e+02    0.004    1.0e-01|2.0e-01    1.0e-01    4.2e-01    3.5e-01
194     4.061e+02   -0.000    1.0e-01|2.0e-01    1.0e-01    4.4e-01    5.9e-01
195     4.033e+02    0.003    1.0e-01|2.0e-01    1.0e-01    4.5e-01    5.2e-01
196     4.062e+02   -0.000    1.0e-01|2.0e-01    1.0e-01    4.8e-01    5.8e-01
197     4.057e+02   -0.000    1.0e-01|2.0e-01    1.0e-01    4.8e-01    6.4e-01
198     4.046e+02    0.001    1.0e-01|2.0e-01    1.0e-01    3.7e-01    5.1e-01
199     4.054e+02   -0.000    1.0e-01|2.0e-01    1.0e-01    4.1e-01    3.9e-01
200     4.052e+02   -0.000    1.0e-01|2.0e-01    1.0e-01    3.9e-01    6.0e-01
201     4.051e+02   -0.000    1.0e-01|2.0e-01    1.0e-01    4.0e-01    3.0e-01
202     4.050e+02   -0.000    1.0e-01|2.0e-01    1.0e-01    4.5e-01    5.0e-01
203     4.049e+02   -0.000    1.0e-01|2.0e-01    1.0e-01    4.0e-01    4.6e-01
204     4.042e+02    0.001    1.0e-01|2.0e-01    1.0e-01    3.8e-01    6.2e-01
205     4.049e+02   -0.000    1.0e-01|2.0e-01    1.0e-01    3.8e-01    5.1e-01
206     4.024e+02    0.003    1.0e-01|2.0e-01    1.0e-01    4.7e-01    5.3e-01
207     4.062e+02   -0.002    1.0e-01|2.0e-01    1.0e-01    5.0e-01    6.4e-01
208     4.044e+02    0.000    1.0e-01|2.0e-01    1.0e-01    3.6e-01    5.8e-01
209     4.044e+02   -0.000    1.0e-01|2.0e-01    1.0e-01    3.5e-01    3.8e-01
210     4.043e+02   -0.000    1.0e-01|2.0e-01    1.0e-01    4.0e-01    3.5e-01
211     4.042e+02    0.000    1.0e-01|2.0e-01    1.0e-01    4.3e-01    6.4e-01
212     4.044e+02   -0.000    1.0e-01|2.0e-01    1.0e-01    4.8e-01    5.5e-01
213     4.043e+02   -0.000    1.0e-01|2.0e-01    1.0e-01    4.5e-01    4.7e-01
214     4.040e+02   -0.000    1.0e-01|2.0e-01    1.0e-01    4.2e-01    3.4e-01
215     4.036e+02    0.000    1.0e-01|2.0e-01    1.0e-01    4.1e-01    4.8e-01
216     4.040e+02   -0.000    1.0e-01|2.0e-01    1.0e-01    4.0e-01    4.4e-01
217     4.036e+02    0.000    1.0e-01|2.0e-01    1.0e-01    4.1e-01    5.8e-01
218     4.039e+02   -0.000    1.0e-01|2.0e-01    1.0e-01    4.0e-01    4.4e-01
219     4.007e+02    0.003    1.0e-01|2.0e-01    1.0e-01    4.5e-01    6.4e-01
220     4.040e+02   -0.001    1.0e-01|2.0e-01    1.0e-01    4.6e-01    6.3e-01
221     4.025e+02    0.001    1.0e-01|2.0e-01    1.0e-01    4.7e-01    6.5e-01
222     4.031e+02   -0.000    1.0e-01|2.0e-01    1.0e-01    4.8e-01    7.8e-01
223     4.029e+02   -0.000    1.0e-01|2.0e-01    1.0e-01    4.6e-01    4.4e-01
224     4.026e+02   -0.000    1.0e-01|2.0e-01    1.0e-01    4.1e-01    3.8e-01
225     4.023e+02    0.000    1.0e-01|2.0e-01    1.0e-01    4.9e-01    4.2e-01
226     4.022e+02   -0.000    1.0e-01|2.0e-01    1.0e-01    4.9e-01    5.3e-01
227     4.016e+02    0.000    1.0e-01|2.0e-01    1.0e-01    5.2e-01    5.8e-01
228     4.021e+02   -0.000    1.0e-01|2.0e-01    1.0e-01    5.0e-01    5.5e-01
229     4.011e+02    0.000    1.0e-01|2.0e-01    1.0e-01    5.3e-01    6.9e-01
230     4.027e+02   -0.002    1.0e-01|2.0e-01    1.0e-01    4.4e-01    6.6e-01
231     4.007e+02   -0.000    1.0e-01|2.0e-01    1.0e-01    3.8e-01    7.8e-01
232     3.980e+02    0.002    1.0e-01|2.0e-01    1.0e-01    4.4e-01    5.4e-01
233     4.001e+02   -0.000    1.0e-01|2.0e-01    1.0e-01    4.6e-01    4.4e-01
234     3.988e+02    0.001    1.0e-01|2.0e-01    1.0e-01    4.1e-01    5.0e-01
235     3.998e+02   -0.000    1.0e-01|2.0e-01    1.0e-01    3.8e-01    4.8e-01
236     3.991e+02    0.000    1.0e-01|2.0e-01    1.0e-01    3.8e-01    4.9e-01
237     4.001e+02   -0.001    1.0e-01|2.0e-01    1.0e-01    3.7e-01    6.0e-01
238     3.989e+02    0.000    1.0e-01|2.0e-01    1.0e-01    4.1e-01    4.6e-01
239     3.991e+02   -0.000    1.0e-01|2.0e-01    1.0e-01    4.1e-01    4.2e-01
240     3.987e+02    0.000    1.0e-01|2.0e-01    1.0e-01    3.5e-01    6.3e-01
241     3.989e+02   -0.000    1.0e-01|2.0e-01    1.0e-01    3.6e-01    4.4e-01
242     3.987e+02   -0.000    1.0e-01|2.0e-01    1.0e-01    3.9e-01    3.5e-01
243     3.986e+02   -0.000    1.0e-01|2.0e-01    1.0e-01    4.3e-01    3.3e-01
244     3.986e+02   -0.000    1.0e-01|2.0e-01    1.0e-01    4.0e-01    4.1e-01
245     3.977e+02    0.001    1.0e-01|2.0e-01    1.0e-01    4.0e-01    3.0e-01
246     3.985e+02   -0.000    1.0e-01|2.0e-01    1.0e-01    3.9e-01    3.5e-01
247     3.984e+02   -0.000    1.0e-01|2.0e-01    1.0e-01    3.8e-01    5.4e-01
248     3.982e+02    0.000    1.0e-01|2.0e-01    1.0e-01    3.7e-01    4.5e-01
249     3.985e+02   -0.000    1.0e-01|2.0e-01    1.0e-01    3.8e-01    4.5e-01
250     3.982e+02   -0.000    1.0e-01|2.0e-01    1.0e-01    4.2e-01    4.1e-01
251     3.960e+02    0.002    1.0e-01|2.0e-01    1.0e-01    5.1e-01    4.3e-01
252     3.995e+02   -0.001    1.0e-01|2.0e-01    1.0e-01    4.1e-01    5.3e-01
253     3.952e+02    0.003    1.0e-01|2.0e-01    1.0e-01    3.6e-01    3.7e-01
254     3.981e+02   -0.000    1.0e-01|2.0e-01    1.0e-01    4.3e-01    4.5e-01
255     3.977e+02    0.000    1.0e-01|2.0e-01    1.0e-01    4.2e-01    5.6e-01
256     3.980e+02   -0.000    1.0e-01|2.0e-01    1.0e-01    3.7e-01    3.9e-01
257     3.979e+02    0.000    1.0e-01|2.0e-01    1.0e-01    3.8e-01    5.1e-01
258     3.982e+02   -0.000    1.0e-01|2.0e-01    1.0e-01    4.4e-01    6.4e-01
259     3.978e+02    0.000    1.0e-01|2.0e-01    1.0e-01    3.6e-01    3.7e-01
260     3.981e+02   -0.000    1.0e-01|2.0e-01    1.0e-01    3.3e-01    4.4e-01
261     3.975e+02    0.000    1.0e-01|2.0e-01    1.0e-01    4.0e-01    4.1e-01
262     3.975e+02   -0.000    1.0e-01|2.0e-01    1.0e-01    4.9e-01    3.5e-01
263     3.970e+02    0.001    1.0e-01|2.0e-01    1.0e-01    4.3e-01    4.7e-01
264     3.988e+02   -0.002    1.0e-01|2.0e-01    1.0e-01    3.8e-01    5.1e-01
265     3.965e+02    0.001    1.0e-01|2.0e-01    1.0e-01    4.1e-01    4.5e-01
266     3.998e+02   -0.003    1.0e-01|2.0e-01    1.0e-01    3.9e-01    5.8e-01
267     3.964e+02    0.001    1.0e-01|2.0e-01    1.0e-01    4.2e-01    4.9e-01
268     4.004e+02   -0.004    1.0e-01|2.0e-01    1.0e-01    3.4e-01    5.1e-01
269     3.970e+02   -0.000    1.0e-01|2.0e-01    1.0e-01    3.7e-01    3.1e-01
270     3.970e+02   -0.000    1.0e-01|2.0e-01    1.0e-01    4.5e-01    4.6e-01
271     3.951e+02    0.002    1.0e-01|2.0e-01    1.0e-01    4.6e-01    3.8e-01
272     3.981e+02   -0.002    1.0e-01|2.0e-01    1.0e-01    3.8e-01    3.6e-01
273     3.963e+02    0.000    1.0e-01|2.0e-01    1.0e-01    3.6e-01    2.7e-01
274     3.977e+02   -0.001    1.0e-01|2.0e-01    1.0e-01    4.4e-01    4.2e-01
275     3.957e+02    0.001    1.0e-01|2.0e-01    1.0e-01    4.1e-01    4.3e-01
276     3.985e+02   -0.002    1.0e-01|2.0e-01    1.0e-01    3.5e-01    5.3e-01
277     3.964e+02   -0.000    1.0e-01|2.0e-01    1.0e-01    3.5e-01    7.3e-01
278     3.963e+02   -0.000    1.0e-01|2.0e-01    1.0e-01    3.4e-01    4.2e-01
279     3.961e+02    0.000    1.0e-01|2.0e-01    1.0e-01    3.5e-01    3.2e-01
280     3.967e+02   -0.001    1.0e-01|2.0e-01    1.0e-01    3.8e-01    4.4e-01
281     3.962e+02   -0.000    1.0e-01|2.0e-01    1.0e-01    3.6e-01    4.8e-01
282     3.961e+02   -0.000    1.0e-01|2.0e-01    1.0e-01    3.0e-01    5.3e-01
283     3.949e+02    0.001    1.0e-01|2.0e-01    1.0e-01    4.0e-01    3.7e-01
284     3.965e+02   -0.001    1.0e-01|2.0e-01    1.0e-01    4.2e-01    4.5e-01
285     3.950e+02    0.001    1.0e-01|2.0e-01    1.0e-01    3.4e-01    3.5e-01
286     3.958e+02   -0.000    1.0e-01|2.0e-01    1.0e-01    3.2e-01    4.3e-01
287     3.957e+02   -0.000    1.0e-01|2.0e-01    1.0e-01    4.6e-01    3.5e-01
288     3.949e+02    0.001    1.0e-01|2.0e-01    1.0e-01    4.7e-01    5.7e-01
289     3.962e+02   -0.001    1.0e-01|2.0e-01    1.0e-01    3.7e-01    4.2e-01
290     3.948e+02    0.001    1.0e-01|2.0e-01    1.0e-01    3.6e-01    5.3e-01
291     3.954e+02   -0.000    1.0e-01|2.0e-01    1.0e-01    4.5e-01    5.7e-01
292     3.951e+02   -0.000    1.0e-01|2.0e-01    1.0e-01    4.7e-01    5.6e-01
293     3.927e+02    0.002    1.0e-01|2.0e-01    1.0e-01    5.1e-01    4.9e-01
294     3.960e+02   -0.001    1.0e-01|2.0e-01    1.0e-01    4.6e-01    5.2e-01
295     3.945e+02   -0.000    1.0e-01|2.0e-01    1.0e-01    3.8e-01    6.9e-01
296     3.919e+02    0.003    1.0e-01|2.0e-01    1.0e-01    4.0e-01    4.0e-01
297     3.950e+02   -0.001    1.0e-01|2.0e-01    1.0e-01    3.9e-01    5.2e-01
298     3.929e+02    0.001    1.0e-01|2.0e-01    1.0e-01    3.9e-01    5.9e-01
299     3.942e+02   -0.000    1.0e-01|2.0e-01    1.0e-01    3.8e-01    6.6e-01
300     3.940e+02   -0.000    1.0e-01|2.0e-01    1.0e-01    3.4e-01    6.5e-01
301     3.939e+02   -0.000    1.0e-01|2.0e-01    1.0e-01    3.6e-01    5.4e-01
302     3.938e+02   -0.000    1.0e-01|2.0e-01    1.0e-01    3.7e-01    6.1e-01
303     3.936e+02   -0.000    1.0e-01|2.0e-01    1.0e-01    3.5e-01    4.3e-01
304     3.907e+02    0.003    1.0e-01|2.0e-01    1.0e-01    3.8e-01    5.1e-01
305     3.941e+02   -0.001    1.0e-01|2.0e-01    1.0e-01    3.9e-01    5.6e-01
306     3.906e+02    0.003    1.0e-01|2.0e-01    1.0e-01    4.4e-01    4.2e-01
307     3.938e+02   -0.000    1.0e-01|2.0e-01    1.0e-01    4.0e-01    8.1e-01
308     3.934e+02   -0.000    1.0e-01|2.0e-01    1.0e-01    3.7e-01    3.4e-01
309     3.896e+02    0.004    1.0e-01|2.0e-01    1.0e-01    4.2e-01    3.8e-01
310     3.933e+02   -0.000    1.0e-01|2.0e-01    1.0e-01    4.3e-01    4.0e-01
311     3.921e+02    0.001    1.0e-01|2.0e-01    1.0e-01    3.6e-01    5.1e-01
312     3.933e+02   -0.000    1.0e-01|2.0e-01    1.0e-01    3.3e-01    3.4e-01
313     3.931e+02   -0.000    1.0e-01|2.0e-01    1.0e-01    4.0e-01    5.8e-01
314     3.929e+02    0.000    1.0e-01|2.0e-01    1.0e-01    4.0e-01    3.8e-01
315     3.932e+02   -0.000    1.0e-01|2.0e-01    1.0e-01    3.2e-01    3.1e-01
316     3.920e+02    0.001    1.0e-01|2.0e-01    1.0e-01    3.0e-01    3.3e-01
317     3.928e+02   -0.000    1.0e-01|2.0e-01    1.0e-01    3.9e-01    4.7e-01
318     3.926e+02    0.000    1.0e-01|2.0e-01    1.0e-01    4.1e-01    4.5e-01
319     3.941e+02   -0.002    1.0e-01|2.0e-01    1.0e-01    4.0e-01    5.0e-01
320     3.927e+02   -0.000    1.0e-01|2.0e-01    1.0e-01    3.1e-01    5.7e-01
321     3.922e+02    0.000    1.0e-01|2.0e-01    1.0e-01    3.3e-01    5.2e-01
322     3.929e+02   -0.000    1.0e-01|2.0e-01    1.0e-01    3.2e-01    4.4e-01
323     3.925e+02   -0.000    1.0e-01|2.0e-01    1.0e-01    3.5e-01    3.0e-01
324     3.924e+02   -0.000    1.0e-01|2.0e-01    1.0e-01    3.8e-01    2.7e-01
325     3.925e+02   -0.000    1.0e-01|2.0e-01    1.0e-01    4.1e-01    5.0e-01
326     3.923e+02    0.000    1.0e-01|2.0e-01    1.0e-01    3.3e-01    6.0e-01
327     3.926e+02   -0.000    1.0e-01|2.0e-01    1.0e-01    3.5e-01    4.0e-01
328     3.922e+02    0.000    1.0e-01|2.0e-01    1.0e-01    3.3e-01    4.6e-01
329     3.923e+02   -0.000    1.0e-01|2.0e-01    1.0e-01    3.2e-01    5.1e-01
330     3.912e+02    0.001    1.0e-01|2.0e-01    1.0e-01    4.0e-01    4.8e-01
331     3.923e+02   -0.000    1.0e-01|2.0e-01    1.0e-01    3.2e-01    4.9e-01
332     3.912e+02    0.001    1.0e-01|2.0e-01    1.0e-01    3.0e-01    2.8e-01
333     3.921e+02   -0.000    1.0e-01|2.0e-01    1.0e-01    3.7e-01    3.6e-01
334     3.903e+02    0.002    1.0e-01|2.0e-01    1.0e-01    4.2e-01    3.7e-01
335     3.941e+02   -0.002    1.0e-01|2.0e-01    1.0e-01    3.6e-01    3.8e-01
336     3.917e+02    0.000    1.0e-01|2.0e-01    1.0e-01    3.2e-01    3.4e-01
337     3.920e+02   -0.000    1.0e-01|2.0e-01    1.0e-01    3.3e-01    4.8e-01
338     3.920e+02   -0.000    1.0e-01|2.0e-01    1.0e-01    3.3e-01    6.3e-01
339     3.919e+02   -0.000    1.0e-01|2.0e-01    1.0e-01    3.2e-01    3.5e-01
340     3.917e+02    0.000    1.0e-01|2.0e-01    1.0e-01    4.0e-01    3.9e-01
341     3.919e+02   -0.000    1.0e-01|2.0e-01    1.0e-01    4.3e-01    3.9e-01
342     3.917e+02    0.000    1.0e-01|2.0e-01    1.0e-01    3.8e-01    6.1e-01
343     3.929e+02   -0.001    1.0e-01|2.0e-01    1.0e-01    2.9e-01    3.9e-01
344     3.917e+02   -0.000    1.0e-01|2.0e-01    1.0e-01    3.4e-01    3.9e-01
345     3.906e+02    0.001    1.0e-01|2.0e-01    1.0e-01    3.3e-01    3.5e-01
346     3.917e+02   -0.000    1.0e-01|2.0e-01    1.0e-01    3.7e-01    4.7e-01
347     3.913e+02    0.000    1.0e-01|2.0e-01    1.0e-01    3.9e-01    5.1e-01
348     3.918e+02   -0.000    1.0e-01|2.0e-01    1.0e-01    3.6e-01    6.7e-01
349     3.907e+02    0.001    1.0e-01|2.0e-01    1.0e-01    4.5e-01    6.6e-01
350     3.912e+02   -0.000    1.0e-01|2.0e-01    1.0e-01    5.2e-01    6.2e-01
351     3.878e+02    0.003    1.0e-01|2.0e-01    1.0e-01    4.5e-01    8.1e-01
352     3.905e+02   -0.000    1.0e-01|2.0e-01    1.0e-01    4.3e-01    6.8e-01
353     3.892e+02    0.001    1.0e-01|2.0e-01    1.0e-01    4.8e-01    5.9e-01
354     3.898e+02   -0.000    1.0e-01|2.0e-01    1.0e-01    4.9e-01    6.3e-01
355     3.891e+02    0.000    1.0e-01|2.0e-01    1.0e-01    4.7e-01    6.8e-01
356     3.893e+02   -0.000    1.0e-01|2.0e-01    1.0e-01    4.0e-01    6.8e-01
357     3.879e+02    0.001    1.0e-01|2.0e-01    1.0e-01    3.7e-01    6.0e-01
358     3.894e+02   -0.001    1.0e-01|2.0e-01    1.0e-01    4.5e-01    5.0e-01
359     3.889e+02   -0.000    1.0e-01|2.0e-01    1.0e-01    4.7e-01    3.8e-01
360     3.888e+02   -0.000    1.0e-01|2.0e-01    1.0e-01    4.6e-01    4.8e-01
361     3.869e+02    0.002    1.0e-01|2.0e-01    1.0e-01    3.9e-01    4.9e-01
362     3.891e+02   -0.001    1.0e-01|2.0e-01    1.0e-01    2.4e-01    2.7e-01
363     3.885e+02   -0.000    1.0e-01|2.0e-01    1.0e-01    2.7e-01    3.3e-01
364     3.885e+02    0.000    1.0e-01|2.0e-01    1.0e-01    3.7e-01    8.7e-01
365     3.889e+02   -0.000    1.0e-01|2.0e-01    1.0e-01    4.4e-01    5.1e-01
366     3.876e+02    0.001    1.0e-01|2.0e-01    1.0e-01    4.0e-01    4.7e-01
367     3.890e+02   -0.001    1.0e-01|2.0e-01    1.0e-01    3.2e-01    4.6e-01
368     3.884e+02   -0.000    1.0e-01|2.0e-01    1.0e-01    3.6e-01    5.8e-01
369     3.878e+02    0.001    1.0e-01|2.0e-01    1.0e-01    4.1e-01    4.1e-01
370     3.884e+02   -0.000    1.0e-01|2.0e-01    1.0e-01    4.0e-01    5.3e-01
371     3.879e+02    0.001    1.0e-01|2.0e-01    1.0e-01    4.2e-01    5.2e-01
372     3.921e+02   -0.004    1.0e-01|2.0e-01    1.0e-01    4.0e-01    4.8e-01
373     3.870e+02    0.001    1.0e-01|2.0e-01    1.0e-01    3.8e-01    5.4e-01
374     3.899e+02   -0.002    1.0e-01|2.0e-01    1.0e-01    3.9e-01    3.4e-01
375     3.882e+02    0.000    1.0e-01|2.0e-01    1.0e-01    4.3e-01    4.3e-01
376     3.901e+02   -0.002    1.0e-01|2.0e-01    1.0e-01    4.4e-01    6.0e-01
377     3.883e+02   -0.000    1.0e-01|2.0e-01    1.0e-01    3.7e-01    7.2e-01
378     3.856e+02    0.003    1.0e-01|2.0e-01    1.0e-01    4.4e-01    5.1e-01
379     3.883e+02   -0.000    1.0e-01|2.0e-01    1.0e-01    4.9e-01    5.5e-01
380     3.882e+02   -0.000    1.0e-01|2.0e-01    1.0e-01    4.5e-01    4.2e-01
381     3.853e+02    0.003    1.0e-01|2.0e-01    1.0e-01    4.1e-01    4.5e-01
382     3.890e+02   -0.001    1.0e-01|2.0e-01    1.0e-01    4.6e-01    5.6e-01
383     3.853e+02    0.003    1.0e-01|2.0e-01    1.0e-01    4.2e-01    4.9e-01
384     3.890e+02   -0.001    1.0e-01|2.0e-01    1.0e-01    3.7e-01    3.9e-01
385     3.874e+02    0.000    1.0e-01|2.0e-01    1.0e-01    3.6e-01    2.8e-01
386     3.888e+02   -0.001    1.0e-01|2.0e-01    1.0e-01    4.3e-01    4.2e-01
387     3.863e+02    0.001    1.0e-01|2.0e-01    1.0e-01    4.3e-01    4.3e-01
388     3.876e+02   -0.000    1.0e-01|2.0e-01    1.0e-01    4.3e-01    5.0e-01
389     3.874e+02   -0.000    1.0e-01|2.0e-01    1.0e-01    3.3e-01    4.6e-01
390     3.847e+02    0.003    1.0e-01|2.0e-01    1.0e-01    3.9e-01    4.3e-01
391     3.874e+02   -0.000    1.0e-01|2.0e-01    1.0e-01    3.9e-01    4.9e-01
392     3.873e+02   -0.000    1.0e-01|2.0e-01    1.0e-01    3.6e-01    6.6e-01
393     3.863e+02    0.001    1.0e-01|2.0e-01    1.0e-01    3.4e-01    3.3e-01
394     3.884e+02   -0.001    1.0e-01|2.0e-01    1.0e-01    3.1e-01    4.4e-01
395     3.869e+02    0.000    1.0e-01|2.0e-01    1.0e-01    2.4e-01    2.5e-01
396     3.878e+02   -0.001    1.0e-01|2.0e-01    1.0e-01    2.9e-01    3.7e-01
397     3.871e+02   -0.000    1.0e-01|2.0e-01    1.0e-01    3.5e-01    3.6e-01
398     3.866e+02    0.001    1.0e-01|2.0e-01    1.0e-01    3.1e-01    8.7e-01
399     3.871e+02   -0.000    1.0e-01|2.0e-01    1.0e-01    2.1e-01    2.8e-01
400     3.871e+02   -0.000    1.0e-01|2.0e-01    1.0e-01    2.4e-01    4.1e-01
401     3.872e+02   -0.000    1.0e-01|2.0e-01    8.9e-02    2.1e-01    4.0e-01
402     3.860e+02    0.001    1.0e-01|2.0e-01    1.0e-01    3.2e-01    2.3e-01
403     3.885e+02   -0.001    1.0e-01|2.0e-01    1.0e-01    3.6e-01    4.8e-01
404     3.870e+02    0.000    1.0e-01|2.0e-01    1.0e-01    3.2e-01    5.6e-01
405     3.879e+02   -0.001    1.0e-01|2.0e-01    1.0e-01    2.7e-01    4.4e-01
406     3.865e+02    0.001    1.0e-01|2.0e-01    1.0e-01    2.8e-01    4.3e-01
407     3.873e+02   -0.000    1.0e-01|2.0e-01    1.0e-01    3.3e-01    4.9e-01
408     3.868e+02    0.000    1.0e-01|2.0e-01    1.0e-01    3.5e-01    6.4e-01
409     3.880e+02   -0.001    1.0e-01|2.0e-01    1.0e-01    3.4e-01    4.7e-01
410     3.871e+02   -0.000    1.0e-01|2.0e-01    1.0e-01    3.4e-01    3.3e-01
411     3.871e+02   -0.000    1.0e-01|2.0e-01    1.0e-01    3.7e-01    5.1e-01
412     3.854e+02    0.002    1.0e-01|2.0e-01    1.0e-01    4.5e-01    5.1e-01
413     3.892e+02   -0.002    1.0e-01|2.0e-01    1.0e-01    3.7e-01    7.5e-01
414     3.830e+02    0.004    1.0e-01|2.0e-01    1.0e-01    3.8e-01    4.1e-01
415     3.895e+02   -0.003    1.0e-01|2.0e-01    1.0e-01    3.8e-01    6.1e-01
416     3.865e+02    0.001    1.0e-01|2.0e-01    1.0e-01    4.0e-01    4.3e-01
417     3.869e+02   -0.000    1.0e-01|2.0e-01    1.0e-01    4.0e-01    5.3e-01
418     3.864e+02    0.000    1.0e-01|2.0e-01    1.0e-01    3.8e-01    3.8e-01
419     3.867e+02   -0.000    1.0e-01|2.0e-01    1.0e-01    4.7e-01    4.6e-01
420     3.866e+02   -0.000    1.0e-01|2.0e-01    1.0e-01    4.8e-01    4.8e-01
421     3.861e+02    0.000    1.0e-01|2.0e-01    1.0e-01    4.1e-01    5.2e-01
422     3.862e+02   -0.000    1.0e-01|2.0e-01    1.0e-01    4.0e-01    6.1e-01
423     3.862e+02   -0.000    1.0e-01|2.0e-01    1.0e-01    3.4e-01    6.1e-01
424     3.854e+02    0.001    1.0e-01|2.0e-01    1.0e-01    4.0e-01    6.8e-01
425     3.860e+02   -0.000    1.0e-01|2.0e-01    1.0e-01    4.1e-01    6.6e-01
426     3.845e+02    0.002    1.0e-01|2.0e-01    1.0e-01    4.3e-01    7.3e-01
427     3.865e+02   -0.001    1.0e-01|2.0e-01    1.0e-01    4.0e-01    4.6e-01
428     3.853e+02    0.000    1.0e-01|2.0e-01    1.0e-01    3.8e-01    4.7e-01
429     3.865e+02   -0.001    1.0e-01|2.0e-01    1.0e-01    3.1e-01    8.0e-01
430     3.833e+02    0.002    1.0e-01|2.0e-01    1.0e-01    3.6e-01    4.2e-01
431     3.875e+02   -0.003    1.0e-01|2.0e-01    1.0e-01    4.0e-01    3.9e-01
432     3.852e+02   -0.000    1.0e-01|2.0e-01    1.0e-01    4.2e-01    3.7e-01
433     3.850e+02   -0.000    1.0e-01|2.0e-01    1.0e-01    3.9e-01    6.5e-01
434     3.844e+02    0.001    1.0e-01|2.0e-01    1.0e-01    3.6e-01    4.6e-01
435     3.867e+02   -0.002    1.0e-01|2.0e-01    1.0e-01    3.1e-01    5.4e-01
436     3.849e+02   -0.000    1.0e-01|2.0e-01    1.0e-01    3.2e-01    3.1e-01
437     3.827e+02    0.002    1.0e-01|2.0e-01    1.0e-01    3.8e-01    4.8e-01
438     3.849e+02   -0.000    1.0e-01|2.0e-01    1.0e-01    3.8e-01    6.2e-01
439     3.848e+02   -0.000    1.0e-01|2.0e-01    1.0e-01    2.4e-01    5.3e-01
440     3.824e+02    0.003    1.0e-01|2.0e-01    1.0e-01    2.6e-01    2.8e-01
441     3.848e+02   -0.000    1.0e-01|2.0e-01    1.0e-01    3.0e-01    2.8e-01
442     3.847e+02   -0.000    1.0e-01|2.0e-01    1.0e-01    3.9e-01    3.6e-01
443     3.847e+02    0.000    1.0e-01|2.0e-01    1.0e-01    3.5e-01    6.9e-01
444     3.847e+02   -0.000    1.0e-01|2.0e-01    1.0e-01    2.7e-01    4.9e-01
445     3.839e+02    0.001    1.0e-01|2.0e-01    1.0e-01    2.8e-01    3.5e-01
446     3.846e+02   -0.000    1.0e-01|2.0e-01    1.0e-01    3.1e-01    2.7e-01
447     3.839e+02    0.001    1.0e-01|2.0e-01    1.0e-01    3.6e-01    4.3e-01
448     3.846e+02   -0.000    1.0e-01|2.0e-01    1.0e-01    3.0e-01    5.3e-01
449     3.846e+02   -0.000    1.0e-01|2.0e-01    1.0e-01    3.1e-01    3.4e-01
450     3.846e+02   -0.000    1.0e-01|2.0e-01    1.0e-01    2.7e-01    6.4e-01
451     3.835e+02    0.001    1.0e-01|2.0e-01    1.0e-01    3.5e-01    3.9e-01
452     3.855e+02   -0.001    1.0e-01|2.0e-01    1.0e-01    3.4e-01    7.3e-01
453     3.846e+02   -0.000    1.0e-01|2.0e-01    1.0e-01    3.8e-01    4.7e-01
454     3.818e+02    0.003    1.0e-01|2.0e-01    1.0e-01    4.4e-01    4.6e-01
455     3.856e+02   -0.001    1.0e-01|2.0e-01    1.0e-01    3.3e-01    5.5e-01
456     3.838e+02    0.001    1.0e-01|2.0e-01    1.0e-01    3.4e-01    2.9e-01
457     3.845e+02   -0.000    1.0e-01|2.0e-01    1.0e-01    3.9e-01    3.6e-01
458     3.842e+02    0.000    1.0e-01|2.0e-01    1.0e-01    3.7e-01    8.1e-01
459     3.847e+02   -0.000    1.0e-01|2.0e-01    1.0e-01    2.9e-01    3.7e-01
460     3.844e+02   -0.000    1.0e-01|2.0e-01    1.0e-01    2.8e-01    3.0e-01
461     3.824e+02    0.002    1.0e-01|2.0e-01    1.0e-01    3.9e-01    3.4e-01
462     3.845e+02   -0.000    1.0e-01|2.0e-01    1.0e-01    3.5e-01    3.0e-01
463     3.844e+02   -0.000    1.0e-01|2.0e-01    1.0e-01    2.4e-01    4.6e-01
464     3.819e+02    0.003    1.0e-01|2.0e-01    1.0e-01    3.3e-01    2.8e-01
465     3.845e+02   -0.000    1.0e-01|2.0e-01    1.0e-01    3.5e-01    4.3e-01
466     3.831e+02    0.002    1.0e-01|2.0e-01    1.0e-01    4.2e-01    5.8e-01
467     3.846e+02   -0.000    1.0e-01|2.0e-01    1.0e-01    4.0e-01    5.2e-01
468     3.845e+02   -0.000    1.0e-01|2.0e-01    1.0e-01    3.8e-01    5.7e-01
469     3.838e+02    0.001    1.0e-01|2.0e-01    1.0e-01    3.8e-01    7.6e-01
470     3.856e+02   -0.001    1.0e-01|2.0e-01    1.0e-01    3.3e-01    4.0e-01
471     3.815e+02    0.003    1.0e-01|2.0e-01    1.0e-01    3.4e-01    5.0e-01
472     3.855e+02   -0.001    1.0e-01|2.0e-01    1.0e-01    3.0e-01    4.2e-01
473     3.832e+02    0.001    1.0e-01|2.0e-01    1.0e-01    3.4e-01    4.2e-01
474     3.844e+02   -0.000    1.0e-01|2.0e-01    1.0e-01    3.7e-01    5.0e-01
475     3.834e+02    0.001    1.0e-01|2.0e-01    1.0e-01    3.8e-01    6.7e-01
476     3.850e+02   -0.001    1.0e-01|2.0e-01    1.0e-01    3.8e-01    5.3e-01
477     3.841e+02    0.000    1.0e-01|2.0e-01    1.0e-01    3.6e-01    4.8e-01
478     3.845e+02   -0.000    1.0e-01|2.0e-01    1.0e-01    3.1e-01    4.3e-01
479     3.844e+02   -0.000    1.0e-01|2.0e-01    1.0e-01    3.3e-01    3.9e-01
480     3.840e+02    0.000    1.0e-01|2.0e-01    1.0e-01    4.1e-01    5.4e-01
481     3.860e+02   -0.002    1.0e-01|2.0e-01    1.0e-01    3.4e-01    6.8e-01
482     3.833e+02    0.001    1.0e-01|2.0e-01    1.0e-01    3.1e-01    3.0e-01
483     3.844e+02   -0.000    1.0e-01|2.0e-01    1.0e-01    3.2e-01    3.2e-01
484     3.844e+02   -0.000    1.0e-01|2.0e-01    1.0e-01    3.8e-01    4.2e-01
485     3.845e+02   -0.000    1.0e-01|2.0e-01    1.0e-01    3.0e-01    4.8e-01
486     3.842e+02    0.000    1.0e-01|2.0e-01    1.0e-01    2.7e-01    4.1e-01
487     3.846e+02   -0.000    1.0e-01|2.0e-01    1.0e-01    3.3e-01    2.7e-01
488     3.838e+02    0.001    1.0e-01|2.0e-01    1.0e-01    3.7e-01    4.6e-01
489     3.865e+02   -0.002    1.0e-01|2.0e-01    1.0e-01    3.1e-01    4.7e-01
490     3.838e+02    0.001    1.0e-01|2.0e-01    1.0e-01    3.2e-01    4.5e-01
491     3.847e+02   -0.000    1.0e-01|2.0e-01    1.0e-01    3.2e-01    4.2e-01
492     3.844e+02   -0.000    1.0e-01|2.0e-01    1.0e-01    3.2e-01    4.1e-01
493     3.843e+02    0.000    1.0e-01|2.0e-01    1.0e-01    4.2e-01    4.0e-01
494     3.847e+02   -0.000    1.0e-01|2.0e-01    1.0e-01    3.6e-01    7.1e-01
495     3.844e+02   -0.000    1.0e-01|2.0e-01    1.0e-01    2.2e-01    3.6e-01
496     3.843e+02    0.000    1.0e-01|2.0e-01    1.0e-01    2.4e-01    4.6e-01
497     3.845e+02   -0.000    1.0e-01|2.0e-01    1.0e-01    2.8e-01    3.9e-01
498     3.844e+02   -0.000    1.0e-01|2.0e-01    1.0e-01    3.0e-01    3.5e-01
499     3.813e+02    0.003    1.0e-01|2.0e-01    1.0e-01    3.1e-01    5.5e-01
500     3.858e+02   -0.002    1.0e-01|2.0e-01    8.3e-02    2.1e-01    4.5e-01
501     3.823e+02    0.002    1.0e-01|2.0e-01    1.0e-01    2.7e-01    2.4e-01
502     3.854e+02   -0.001    1.0e-01|2.0e-01    1.0e-01    3.7e-01    5.7e-01
503     3.829e+02    0.002    1.0e-01|2.0e-01    1.0e-01    4.1e-01    5.5e-01
504     3.855e+02   -0.001    1.0e-01|2.0e-01    1.0e-01    3.4e-01    4.2e-01
505     3.844e+02   -0.000    1.0e-01|2.0e-01    1.0e-01    3.1e-01    4.0e-01
506     3.841e+02    0.000    1.0e-01|2.0e-01    1.0e-01    2.9e-01    4.9e-01
507     3.846e+02   -0.000    1.0e-01|2.0e-01    1.0e-01    2.8e-01    4.1e-01
508     3.824e+02    0.002    1.0e-01|2.0e-01    1.0e-01    3.6e-01    7.3e-01
509     3.845e+02   -0.000    1.0e-01|2.0e-01    1.0e-01    3.2e-01    5.9e-01
510     3.834e+02    0.001    1.0e-01|2.0e-01    1.0e-01    3.4e-01    4.1e-01
511     3.845e+02   -0.000    1.0e-01|2.0e-01    1.0e-01    2.9e-01    4.1e-01
512     3.844e+02   -0.000    1.0e-01|2.0e-01    1.0e-01    2.7e-01    2.7e-01
513     3.815e+02    0.003    1.0e-01|2.0e-01    1.0e-01    3.5e-01    5.0e-01
514     3.844e+02   -0.000    1.0e-01|2.0e-01    6.7e-02    2.3e-01    3.8e-01
515     3.829e+02    0.002    1.0e-01|2.0e-01    1.0e-01    2.1e-01    1.7e-01
516     3.844e+02   -0.000    1.0e-01|2.0e-01    1.0e-01    2.8e-01    5.7e-01
517     3.844e+02   -0.000    1.0e-01|2.0e-01    1.0e-01    2.7e-01    3.3e-01
518     3.842e+02    0.000    1.0e-01|2.0e-01    1.0e-01    3.4e-01    8.6e-01
519     3.859e+02   -0.002    1.0e-01|2.0e-01    7.6e-02    2.1e-01    8.0e-01
520     3.830e+02    0.001    1.0e-01|2.0e-01    1.0e-01    2.5e-01    1.8e-01
521     3.844e+02   -0.000    1.0e-01|2.0e-01    1.0e-01    2.7e-01    4.7e-01
522     3.821e+02    0.003    1.0e-01|2.0e-01    1.0e-01    3.1e-01    3.5e-01
523     3.844e+02   -0.000    1.0e-01|2.0e-01    1.0e-01    3.0e-01    5.0e-01
524     3.838e+02    0.001    1.0e-01|2.0e-01    1.0e-01    3.4e-01    4.9e-01
525     3.855e+02   -0.001    1.0e-01|2.0e-01    1.0e-01    3.1e-01    3.9e-01
526     3.823e+02    0.002    1.0e-01|2.0e-01    1.0e-01    3.4e-01    3.0e-01
527     3.860e+02   -0.002    1.0e-01|2.0e-01    1.0e-01    3.3e-01    5.1e-01
528     3.820e+02    0.003    1.0e-01|2.0e-01    1.0e-01    3.4e-01    5.0e-01
529     3.858e+02   -0.001    1.0e-01|2.0e-01    1.0e-01    3.3e-01    8.2e-01
530     3.844e+02   -0.000    1.0e-01|2.0e-01    1.0e-01    3.0e-01    4.1e-01
531     3.828e+02    0.002    1.0e-01|2.0e-01    1.0e-01    2.6e-01    2.4e-01
532     3.844e+02   -0.000    1.0e-01|2.0e-01    1.0e-01    2.5e-01    4.0e-01
533     3.844e+02   -0.000    1.0e-01|2.0e-01    1.0e-01    3.0e-01    2.4e-01
534     3.834e+02    0.001    1.0e-01|2.0e-01    1.0e-01    3.3e-01    3.3e-01
535     3.845e+02   -0.000    1.0e-01|2.0e-01    1.0e-01    3.5e-01    3.4e-01
536     3.823e+02    0.002    1.0e-01|2.0e-01    1.0e-01    3.4e-01    5.2e-01
537     3.844e+02   -0.000    1.0e-01|2.0e-01    7.8e-02    2.0e-01    3.0e-01
538     3.839e+02    0.000    1.0e-01|2.0e-01    1.0e-01    2.3e-01    2.3e-01
539     3.844e+02   -0.000    1.0e-01|2.0e-01    1.0e-01    2.7e-01    4.7e-01
540     3.844e+02   -0.000    1.0e-01|2.0e-01    1.0e-01    2.3e-01    7.2e-01
541     3.825e+02    0.002    1.0e-01|2.0e-01    1.0e-01    2.3e-01    2.1e-01
542     3.844e+02   -0.000    1.0e-01|2.0e-01    8.6e-02    1.8e-01    4.0e-01
543     3.842e+02    0.000    1.0e-01|2.0e-01    1.0e-01    2.9e-01    2.6e-01
544     3.845e+02   -0.000    1.0e-01|2.0e-01    1.0e-01    3.4e-01    5.5e-01
545     3.844e+02   -0.000    1.0e-01|2.0e-01    1.0e-01    2.5e-01    3.9e-01
546     3.840e+02    0.000    1.0e-01|2.0e-01    1.0e-01    2.0e-01    4.2e-01
547     3.844e+02   -0.000    1.0e-01|2.0e-01    8.6e-02    2.0e-01    4.6e-01
548     3.837e+02    0.001    1.0e-01|2.0e-01    1.0e-01    3.1e-01    4.3e-01
549     3.844e+02   -0.000    1.0e-01|2.0e-01    1.0e-01    2.8e-01    3.1e-01
550     3.844e+02   -0.000    1.0e-01|2.0e-01    1.0e-01    1.8e-01    3.4e-01
551     3.821e+02    0.002    1.0e-01|2.0e-01    1.0e-01    2.3e-01    1.9e-01
552     3.846e+02   -0.000    1.0e-01|2.0e-01    1.0e-01    2.1e-01    2.6e-01
553     3.837e+02    0.001    1.0e-01|2.0e-01    1.0e-01    2.4e-01    3.4e-01
554     3.844e+02   -0.000    1.0e-01|2.0e-01    1.0e-01    2.9e-01    3.7e-01
555     3.843e+02    0.000    1.0e-01|2.0e-01    1.0e-01    2.9e-01    6.3e-01
556     3.844e+02   -0.000    1.0e-01|2.0e-01    6.9e-02    1.6e-01    4.6e-01
557     3.843e+02   -0.000    1.0e-01|2.0e-01    6.1e-02    1.2e-01    1.6e-01
558     3.839e+02    0.001    1.0e-01|2.0e-01    1.0e-01    2.4e-01    1.4e-01
559     3.844e+02   -0.000    1.0e-01|2.0e-01    1.0e-01    3.2e-01    4.9e-01
560     3.844e+02   -0.000    1.0e-01|2.0e-01    1.0e-01    2.7e-01    3.9e-01
561     3.824e+02    0.002    1.0e-01|2.0e-01    1.0e-01    3.0e-01    4.5e-01
562     3.853e+02   -0.001    1.0e-01|2.0e-01    1.0e-01    2.8e-01    5.9e-01
563     3.844e+02   -0.000    1.0e-01|2.0e-01    1.0e-01    3.0e-01    4.0e-01
564     3.844e+02   -0.000    1.0e-01|2.0e-01    1.0e-01    3.2e-01    3.4e-01
565     3.844e+02    0.000    1.0e-01|2.0e-01    1.0e-01    3.4e-01    5.0e-01
566     3.865e+02   -0.002    1.0e-01|2.0e-01    1.0e-01    3.5e-01    4.3e-01
567     3.844e+02   -0.000    1.0e-01|2.0e-01    1.0e-01    2.7e-01    6.2e-01
568     3.822e+02    0.002    1.0e-01|2.0e-01    1.0e-01    2.5e-01    5.3e-01
569     3.844e+02   -0.000    1.0e-01|2.0e-01    1.0e-01    2.5e-01    2.4e-01
570     3.844e+02   -0.000    1.0e-01|2.0e-01    1.0e-01    3.2e-01    5.5e-01
571     3.812e+02    0.004    1.0e-01|2.0e-01    1.0e-01    3.2e-01    4.8e-01
572     3.849e+02   -0.001    1.0e-01|2.0e-01    1.0e-01    2.7e-01    5.9e-01
573     3.840e+02    0.000    1.0e-01|2.0e-01    1.0e-01    2.7e-01    3.1e-01
574     3.844e+02   -0.000    1.0e-01|2.0e-01    1.0e-01    2.6e-01    2.7e-01
575     3.843e+02   -0.000    1.0e-01|2.0e-01    1.0e-01    3.2e-01    2.7e-01
576     3.845e+02   -0.000    1.0e-01|2.0e-01    1.0e-01    3.5e-01    6.9e-01
577     3.840e+02    0.001    1.0e-01|2.0e-01    1.0e-01    3.9e-01    5.7e-01
578     3.870e+02   -0.003    1.0e-01|2.0e-01    1.0e-01    3.2e-01    4.9e-01
579     3.837e+02    0.001    1.0e-01|2.0e-01    1.0e-01    3.2e-01    2.9e-01
580     3.857e+02   -0.001    1.0e-01|2.0e-01    1.0e-01    2.9e-01    3.4e-01
581     3.831e+02    0.001    1.0e-01|2.0e-01    1.0e-01    2.6e-01    2.9e-01
582     3.845e+02   -0.000    1.0e-01|2.0e-01    8.3e-02    2.1e-01    2.7e-01
583     3.837e+02    0.001    1.0e-01|2.0e-01    1.0e-01    2.7e-01    4.2e-01
584     3.847e+02   -0.000    1.0e-01|2.0e-01    1.0e-01    2.8e-01    6.4e-01
585     3.838e+02    0.001    1.0e-01|2.0e-01    1.0e-01    3.1e-01    2.5e-01
586     3.849e+02   -0.001    1.0e-01|2.0e-01    1.0e-01    3.3e-01    3.5e-01
587     3.838e+02    0.001    1.0e-01|2.0e-01    1.0e-01    3.4e-01    3.5e-01
588     3.844e+02   -0.000    1.0e-01|2.0e-01    1.0e-01    3.2e-01    4.6e-01
589     3.844e+02   -0.000    1.0e-01|2.0e-01    1.0e-01    2.9e-01    4.5e-01
590     3.844e+02   -0.000    1.0e-01|2.0e-01    1.0e-01    2.6e-01    4.3e-01
591     3.835e+02    0.001    1.0e-01|2.0e-01    1.0e-01    3.2e-01    3.2e-01
592     3.848e+02   -0.000    1.0e-01|2.0e-01    1.0e-01    2.8e-01    6.2e-01
593     3.843e+02   -0.000    1.0e-01|2.0e-01    6.7e-02    1.2e-01    3.7e-01
594     3.833e+02    0.001    1.0e-01|2.0e-01    1.0e-01    2.2e-01    1.0e-01
595     3.849e+02   -0.001    1.0e-01|2.0e-01    1.0e-01    3.0e-01    3.5e-01
596     3.823e+02    0.002    1.0e-01|2.0e-01    1.0e-01    3.6e-01    4.0e-01
597     3.851e+02   -0.001    1.0e-01|2.0e-01    1.0e-01    2.7e-01    4.6e-01
598     3.844e+02   -0.000    1.0e-01|2.0e-01    8.4e-02    2.1e-01    4.1e-01
599     3.830e+02    0.001    1.0e-01|2.0e-01    1.0e-01    2.5e-01    2.4e-01
600     3.844e+02   -0.000    1.0e-01|2.0e-01    1.0e-01    3.2e-01    3.0e-01
601     3.842e+02    0.000    1.0e-01|2.0e-01    1.0e-01    3.8e-01    5.4e-01
602     3.845e+02   -0.000    1.0e-01|2.0e-01    1.0e-01    3.8e-01    4.9e-01
603     3.845e+02   -0.000    1.0e-01|2.0e-01    1.0e-01    2.7e-01    3.6e-01
604     3.831e+02    0.001    1.0e-01|2.0e-01    1.0e-01    2.3e-01    2.0e-01
605     3.844e+02   -0.000    1.0e-01|2.0e-01    1.0e-01    2.9e-01    3.9e-01
606     3.844e+02   -0.000    1.0e-01|2.0e-01    1.0e-01    3.4e-01    5.2e-01
607     3.823e+02    0.002    1.0e-01|2.0e-01    1.0e-01    3.6e-01    7.1e-01
608     3.844e+02   -0.000    1.0e-01|2.0e-01    1.0e-01    2.8e-01    3.7e-01
609     3.843e+02    0.000    1.0e-01|2.0e-01    1.0e-01    2.7e-01    2.1e-01
610     3.849e+02   -0.001    1.0e-01|2.0e-01    1.0e-01    3.4e-01    4.2e-01
611     3.832e+02    0.001    1.0e-01|2.0e-01    1.0e-01    3.3e-01    4.9e-01
612     3.857e+02   -0.001    1.0e-01|2.0e-01    1.0e-01    2.7e-01    5.2e-01
613     3.841e+02    0.000    1.0e-01|2.0e-01    1.0e-01    1.9e-01    4.9e-01
614     3.844e+02   -0.000    1.0e-01|2.0e-01    1.0e-01    2.1e-01    2.3e-01
615     3.842e+02    0.000    1.0e-01|2.0e-01    1.0e-01    2.6e-01    2.4e-01
616     3.844e+02   -0.000    1.0e-01|2.0e-01    1.0e-01    2.9e-01    4.1e-01
617     3.844e+02   -0.000    1.0e-01|2.0e-01    1.0e-01    2.4e-01    4.6e-01
618     3.821e+02    0.002    1.0e-01|2.0e-01    1.0e-01    3.2e-01    3.7e-01
619     3.844e+02   -0.000    1.0e-01|2.0e-01    1.0e-01    3.6e-01    4.7e-01
620     3.840e+02    0.001    1.0e-01|2.0e-01    1.0e-01    3.3e-01    5.4e-01
621     3.844e+02   -0.000    1.0e-01|2.0e-01    1.0e-01    3.3e-01    3.0e-01
622     3.841e+02    0.000    1.0e-01|2.0e-01    1.0e-01    3.3e-01    4.4e-01
623     3.859e+02   -0.002    1.0e-01|2.0e-01    1.0e-01    3.3e-01    7.6e-01
624     3.842e+02    0.000    1.0e-01|2.0e-01    1.0e-01    3.0e-01    3.9e-01
625     3.844e+02   -0.000    1.0e-01|2.0e-01    1.0e-01    3.3e-01    2.2e-01
626     3.844e+02   -0.000    1.0e-01|2.0e-01    1.0e-01    3.6e-01    6.2e-01
627     3.819e+02    0.003    1.0e-01|2.0e-01    1.0e-01    3.4e-01    5.5e-01
628     3.851e+02   -0.001    1.0e-01|2.0e-01    1.0e-01    2.2e-01    3.2e-01
629     3.832e+02    0.001    1.0e-01|2.0e-01    7.5e-02    1.5e-01    2.7e-01
630     3.845e+02   -0.000    1.0e-01|2.0e-01    1.0e-01    2.7e-01    1.6e-01
631     3.843e+02    0.000    1.0e-01|2.0e-01    1.0e-01    3.2e-01    3.3e-01
632     3.844e+02   -0.000    1.0e-01|2.0e-01    1.0e-01    3.1e-01    4.0e-01
633     3.845e+02   -0.000    1.0e-01|2.0e-01    1.0e-01    2.7e-01    6.8e-01
634     3.840e+02    0.000    1.0e-01|2.0e-01    1.0e-01    2.9e-01    3.5e-01
635     3.844e+02   -0.000    1.0e-01|2.0e-01    1.0e-01    3.5e-01    4.2e-01
636     3.845e+02   -0.000    1.0e-01|2.0e-01    1.0e-01    3.7e-01    8.5e-01
637     3.814e+02    0.003    1.0e-01|2.0e-01    1.0e-01    3.6e-01    5.1e-01
638     3.846e+02   -0.000    1.0e-01|2.0e-01    1.0e-01    2.5e-01    3.8e-01
639     3.840e+02    0.000    1.0e-01|2.0e-01    1.0e-01    2.1e-01    3.4e-01
640     3.844e+02   -0.000    1.0e-01|2.0e-01    1.0e-01    2.4e-01    3.0e-01
641     3.844e+02   -0.000    1.0e-01|2.0e-01    1.0e-01    2.7e-01    3.4e-01
642     3.824e+02    0.002    1.0e-01|2.0e-01    1.0e-01    3.3e-01    5.0e-01
643     3.846e+02   -0.000    1.0e-01|2.0e-01    1.0e-01    2.5e-01    4.1e-01
644     3.831e+02    0.001    1.0e-01|2.0e-01    1.0e-01    1.9e-01    2.8e-01
645     3.843e+02   -0.000    1.0e-01|2.0e-01    1.0e-01    2.3e-01    3.0e-01
646     3.843e+02    0.000    1.0e-01|2.0e-01    1.0e-01    3.1e-01    3.0e-01
647     3.849e+02   -0.000    1.0e-01|2.0e-01    1.0e-01    2.6e-01    6.6e-01
648     3.843e+02   -0.000    1.0e-01|2.0e-01    4.6e-02    8.6e-02    3.4e-01

Termination at X = xopt.txt

...based on convergence limit and step-size
