3.227695544615933443e+00
3.183386845949240485e+00
3.137378483982864896e+00
3.090484609457023968e+00
3.041546762486825095e+00
2.991317719675824272e+00
2.939278891049144082e+00
2.885312443460551268e+00
2.829261668113840944e+00
2.770979414117483053e+00
2.710042151770695185e+00
2.646294657544030482e+00
2.579305732242155091e+00
2.508634810012825511e+00
2.433795340949718167e+00
2.353951335086394980e+00
2.268424555397056785e+00
2.175814060445600884e+00
2.074606787423598053e+00
1.962596755893377454e+00
1.835977963721848738e+00
1.689134725459076503e+00
1.511585212640877085e+00
1.289152214114376527e+00
4.718591598985640623e+00
6.455413387604910724e+01
6.366365502148874356e+01
6.274769359532170654e+01
6.180385692414091636e+01
6.083084099152610236e+01
5.982539877120213845e+01
5.878497525341383323e+01
5.770632721900793882e+01
5.658590000161984790e+01
5.541923294906877828e+01
5.420128234456657168e+01
5.292598537697259786e+01
5.158620610339330170e+01
5.017296005218605615e+01
4.867536233933261514e+01
4.707950110538676114e+01
4.536782218238963083e+01
4.351635560105985689e+01
4.149273187736452684e+01
3.925045453108924676e+01
3.671917354103285902e+01
3.378352639621830633e+01
3.023176704196590947e+01
2.578337077318629156e+01
5.470852382523302282e+01
