
Bayesian global optimization 100 runs with 4 in parallel... 

!   0     1.069e+03 1070.520    1.0e+00|1.0e+00    9.7e-01    2.8e+01    1.7e+01
!   0     1.118e+03 1069.526    1.0e+00|1.0e+00    9.4e-01    2.8e+01    5.5e+01
!   0     1.084e+03 1114.726    1.0e+00|1.0e+00    9.4e-01    2.8e+01    2.4e+01
!   0     1.099e+03 1095.949    1.0e+00|1.0e+00    9.8e-01    2.8e+01    3.3e+01
! 100     3.005e+02   -0.000    1.0e+00|1.0e+00    7.2e-02    1.9e-01    3.4e-02
! 100     3.023e+02   -0.001    1.0e+00|1.0e+00    8.1e-02    2.2e-01    4.0e-02
! 100     2.918e+02    0.010    1.0e+00|1.0e+00    1.2e-01    4.6e-01    4.2e-02
! 100     2.909e+02    0.001    1.0e+00|1.0e+00    7.4e-02    1.8e-01    4.6e-02
! 200     2.905e+02    0.000    1.0e+00|1.0e+00    8.2e-02    1.2e-01    2.1e-02
! 200     2.905e+02    0.000    1.0e+00|1.0e+00    2.4e-02    6.1e-02    2.0e-02
! 200     2.991e+02    0.001    1.0e+00|1.0e+00    2.7e-02    6.0e-02    2.5e-02
! 200     3.008e+02   -0.007    1.0e+00|1.0e+00    7.7e-02    1.1e-01    3.9e-02
*   3     2.904e+02    0.000    1       266
!   0     1.056e+03 1084.813    1.0e+00|1.0e+00    9.6e-01    2.8e+01    1.1e+01
! 300     2.988e+02   -0.000    1.0e+00|1.0e+00    2.3e-02    4.9e-02    2.6e-02
! 300     2.902e+02    0.001    1.0e+00|1.0e+00    3.7e-02    7.8e-02    1.7e-02
! 300     3.003e+02   -0.000    1.0e+00|1.0e+00    5.4e-02    7.3e-02    3.7e-02
! 100     2.933e+02    0.004    1.0e+00|1.0e+00    1.1e-01    3.6e-01    4.2e-02
! 400     2.987e+02    0.001    1.0e+00|1.0e+00    3.3e-02    4.5e-02    2.4e-02
! 400     2.900e+02    0.000    1.0e+00|1.0e+00    4.6e-02    6.9e-02    1.7e-02
! 400     3.000e+02   -0.002    1.0e+00|1.0e+00    4.4e-02    7.4e-02    3.5e-02
! 200     2.916e+02   -0.000    1.0e+00|1.0e+00    4.3e-02    1.1e-01    2.5e-02
! 500     2.898e+02    0.000    1.0e+00|1.0e+00    3.8e-02    5.5e-02    1.4e-02
! 500     2.986e+02    0.000    1.0e+00|1.0e+00    1.6e-02    2.3e-02    2.8e-02
! 500     2.996e+02   -0.001    1.0e+00|1.0e+00    7.3e-02    8.6e-02    3.7e-02
*   2     2.996e+02   -0.001    1       516
!   0     1.115e+03 1081.216    1.0e+00|1.0e+00    9.7e-01    2.8e+01    2.2e+01
*   4     2.898e+02   -0.000    1       573
! 300     2.913e+02    0.001    1.0e+00|1.0e+00    4.5e-02    8.3e-02    1.7e-02
*   1     2.985e+02   -0.000    1       584
!   0     1.048e+03 1099.406    1.0e+00|1.0e+00    9.3e-01    2.8e+01    1.7e+01
!   0     1.049e+03 1078.662    1.0e+00|1.0e+00    9.2e-01    2.7e+01    2.6e+01
! 100     3.022e+02   -0.000    1.0e+00|1.0e+00    7.7e-02    1.9e-01    3.5e-02
! 400     2.910e+02    0.001    1.0e+00|1.0e+00    3.9e-02    6.3e-02    1.6e-02
! 100     3.020e+02   -0.003    1.0e+00|1.0e+00    6.3e-02    1.8e-01    4.0e-02
! 100     3.060e+02   -0.000    1.0e+00|1.0e+00    3.7e-02    1.2e-01    4.2e-02
*   5     2.909e+02   -0.000    1       458
! 200     3.014e+02   -0.003    1.0e+00|1.0e+00    6.6e-02    1.0e-01    2.4e-02
!   0     1.014e+03 1073.626    1.0e+00|1.0e+00    9.6e-01    2.7e+01    1.5e+01
! 200     3.013e+02   -0.000    1.0e+00|1.0e+00    3.6e-02    1.1e-01    2.5e-02
! 200     3.055e+02    0.000    1.0e+00|1.0e+00    3.3e-02    9.4e-02    2.7e-02
! 300     3.010e+02   -0.002    1.0e+00|1.0e+00    5.6e-02    1.1e-01    2.1e-02
! 100     2.898e+02    0.003    1.0e+00|1.0e+00    6.7e-02    1.9e-01    6.4e-02
! 300     3.007e+02    0.000    1.0e+00|1.0e+00    1.9e-02    4.1e-02    2.1e-02
! 300     3.052e+02   -0.000    1.0e+00|1.0e+00    1.4e-02    5.1e-02    2.3e-02
! 400     3.005e+02    0.000    1.0e+00|1.0e+00    5.7e-02    1.7e-01    2.4e-02
! 200     2.891e+02    0.001    1.0e+00|1.0e+00    3.1e-02    6.8e-02    2.1e-02
! 400     3.006e+02    0.000    1.0e+00|1.0e+00    2.2e-02    4.7e-02    2.0e-02
! 400     3.051e+02    0.000    1.0e+00|1.0e+00    2.6e-02    4.9e-02    1.8e-02
! 500     3.001e+02   -0.003    1.0e+00|1.0e+00    1.3e-02    3.5e-02    2.4e-02
! 300     2.888e+02   -0.002    1.0e+00|1.0e+00    1.8e-02    5.3e-02    2.1e-02
*   6     3.001e+02   -0.002    1       537
! 500     3.003e+02   -0.000    1.0e+00|1.0e+00    1.9e-02    3.6e-02    2.0e-02
!   0     1.058e+03 1075.352    1.0e+00|1.0e+00    9.9e-01    2.7e+01    2.5e+01
! 500     3.040e+02    0.001    1.0e+00|1.0e+00    6.9e-02    9.8e-02    4.5e-02
! 400     2.887e+02   -0.001    1.0e+00|1.0e+00    2.8e-02    3.9e-02    1.9e-02
! 600     3.002e+02    0.000    1.0e+00|1.0e+00    5.5e-02    7.1e-02    2.0e-02
! 100     2.963e+02   -0.003    1.0e+00|1.0e+00    1.7e-01    4.3e-01    5.6e-02
! 600     3.038e+02   -0.001    1.0e+00|1.0e+00    6.6e-02    8.9e-02    3.5e-02
! 500     2.887e+02   -0.000    1.0e+00|1.0e+00    1.6e-02    2.9e-02    1.8e-02
! 700     3.001e+02   -0.000    1.0e+00|1.0e+00    2.7e-02    4.4e-02    1.7e-02
! 200     2.887e+02    0.005    1.0e+00|1.0e+00    1.0e-01    1.3e-01    5.9e-02
! 700     3.035e+02    0.000    1.0e+00|1.0e+00    4.0e-02    6.3e-02    2.9e-02
! 600     2.886e+02   -0.001    1.0e+00|1.0e+00    2.4e-02    3.9e-02    1.8e-02
! 800     3.001e+02   -0.000    1.0e+00|1.0e+00    4.9e-02    5.1e-02    1.6e-02
*   7     3.000e+02   -0.000    1       807
! 300     2.882e+02   -0.000    1.0e+00|1.0e+00    1.7e-02    3.5e-02    1.5e-02
! 800     3.034e+02    0.001    1.0e+00|1.0e+00    2.2e-02    4.1e-02    2.1e-02
!   0     1.093e+03 1039.373    1.0e+00|1.0e+00    9.6e-01    2.8e+01    1.9e+01
*   9     2.886e+02   -0.001    1       677
!   0     1.102e+03 1059.511    1.0e+00|1.0e+00    9.8e-01    2.8e+01    2.3e+01
*  10     2.882e+02   -0.001    1       367
!   0     1.099e+03 1012.971    1.0e+00|1.0e+00    9.6e-01    2.7e+01    1.5e+01
! 900     3.033e+02    0.000    1.0e+00|1.0e+00    2.2e-02    3.0e-02    2.2e-02
! 100     3.001e+02   -0.002    1.0e+00|1.0e+00    1.0e-01    2.8e-01    4.1e-02
! 100     2.929e+02    0.007    1.0e+00|1.0e+00    6.3e-02    1.8e-01    3.7e-02
! 100     3.032e+02   -0.002    1.0e+00|1.0e+00    4.1e-02    1.4e-01    4.1e-02
*   8     3.032e+02   -0.000    0       999
! 200     2.917e+02   -0.004    1.0e+00|1.0e+00    1.1e-01    2.8e-01    8.0e-02
!   0     1.042e+03 1079.074    1.0e+00|1.0e+00    9.9e-01    2.7e+01    1.1e+01
! 200     2.902e+02   -0.002    1.0e+00|1.0e+00    2.1e-01    2.9e-01    5.6e-02
! 200     3.026e+02    0.002    1.0e+00|1.0e+00    3.7e-02    8.2e-02    2.6e-02
! 300     2.903e+02    0.001    1.0e+00|1.0e+00    4.8e-02    6.9e-02    3.0e-02
! 100     3.086e+02   -0.008    1.0e+00|1.0e+00    7.6e-02    1.9e-01    3.9e-02
! 300     2.898e+02    0.000    1.0e+00|1.0e+00    2.4e-02    5.2e-02    1.7e-02
! 300     3.021e+02    0.000    1.0e+00|1.0e+00    3.7e-02    7.8e-02    2.4e-02
! 400     2.901e+02    0.000    1.0e+00|1.0e+00    4.1e-02    5.4e-02    2.9e-02
! 200     3.075e+02   -0.003    1.0e+00|1.0e+00    7.0e-02    1.2e-01    3.4e-02
! 400     2.897e+02    0.001    1.0e+00|1.0e+00    1.5e-02    4.0e-02    1.3e-02
! 400     3.020e+02   -0.000    1.0e+00|1.0e+00    4.5e-02    6.9e-02    2.1e-02
! 500     2.899e+02    0.002    1.0e+00|1.0e+00    4.5e-02    8.5e-02    2.8e-02
! 300     3.068e+02   -0.004    1.0e+00|1.0e+00    7.8e-02    1.3e-01    3.8e-02
! 500     2.896e+02    0.000    1.0e+00|1.0e+00    1.9e-02    4.1e-02    1.5e-02
! 500     3.018e+02   -0.000    1.0e+00|1.0e+00    3.2e-02    4.3e-02    1.7e-02
*  12     2.896e+02    0.000    1       568
! 600     2.894e+02   -0.004    1.0e+00|1.0e+00    1.0e-01    1.3e-01    3.2e-02
!   0     1.080e+03 1057.954    1.0e+00|1.0e+00    9.4e-01    2.8e+01    2.0e+01
! 400     3.062e+02   -0.000    1.0e+00|1.0e+00    2.8e-02    7.2e-02    3.8e-02
*  11     2.893e+02   -0.005    1       623
*  13     3.018e+02   -0.001    1       573
!   0     1.037e+03 1071.981    1.0e+00|1.0e+00    9.9e-01    2.7e+01    1.2e+01
!   0     1.089e+03 1071.305    1.0e+00|1.0e+00    9.8e-01    2.7e+01    3.1e+01
! 500     3.056e+02   -0.000    1.0e+00|1.0e+00    6.1e-02    1.0e-01    5.3e-02
! 100     3.153e+02   -0.009    1.0e+00|1.0e+00    1.1e-01    2.5e-01    4.7e-02
! 100     2.901e+02    0.008    1.0e+00|1.0e+00    1.8e-01    3.3e-01    5.5e-02
! 100     3.006e+02    0.001    1.0e+00|1.0e+00    7.0e-02    1.7e-01    3.8e-02
! 600     3.050e+02   -0.002    1.0e+00|1.0e+00    2.9e-02    5.1e-02    5.9e-02
! 200     3.135e+02   -0.009    1.0e+00|1.0e+00    8.6e-02    1.5e-01    4.0e-02
! 200     2.895e+02    0.001    1.0e+00|1.0e+00    2.2e-02    4.4e-02    1.9e-02
! 200     3.000e+02   -0.000    1.0e+00|1.0e+00    4.4e-02    7.1e-02    2.3e-02
! 700     3.045e+02   -0.001    1.0e+00|1.0e+00    6.5e-02    8.8e-02    5.9e-02
! 300     3.123e+02   -0.001    1.0e+00|1.0e+00    6.3e-02    1.5e-01    5.4e-02
! 300     2.894e+02   -0.000    1.0e+00|1.0e+00    2.1e-02    3.6e-02    1.6e-02
! 300     2.997e+02    0.000    1.0e+00|1.0e+00    2.4e-02    6.7e-02    1.8e-02
*  16     2.894e+02   -0.000    1       357
!   0     9.916e+02 1097.492    1.0e+00|1.0e+00    9.4e-01    2.7e+01    9.2e+00
! 800     3.017e+02    0.005    1.0e+00|1.0e+00    1.0e-01    2.2e-01    1.0e-01
! 400     3.110e+02   -0.000    1.0e+00|1.0e+00    6.5e-02    1.4e-01    6.1e-02
! 400     2.995e+02    0.000    1.0e+00|1.0e+00    3.4e-02    6.4e-02    2.0e-02
! 900     3.005e+02    0.001    1.0e+00|1.0e+00    1.5e-01    1.6e-01    9.2e-02
! 100     2.897e+02    0.003    1.0e+00|1.0e+00    3.0e-02    1.2e-01    3.4e-02
! 500     3.098e+02   -0.004    1.0e+00|1.0e+00    1.4e-01    2.8e-01    1.0e-01
! 500     2.992e+02    0.003    1.0e+00|1.0e+00    4.1e-02    7.7e-02    2.5e-02
*  14     2.998e+02   -0.002    0       999
! 200     2.894e+02    0.001    1.0e+00|1.0e+00    2.7e-02    6.6e-02    2.0e-02
! 600     3.035e+02   -0.002    1.0e+00|1.0e+00    1.1e-01    2.0e-01    1.2e-01
! 600     2.990e+02    0.000    1.0e+00|1.0e+00    2.1e-02    3.8e-02    2.4e-02
!   0     1.071e+03 1072.130    1.0e+00|1.0e+00    9.6e-01    2.8e+01    1.5e+01
*  17     2.990e+02    0.000    1       609
!   0     1.153e+03 1090.915    1.0e+00|1.0e+00    9.8e-01    2.8e+01    6.8e+01
! 300     2.893e+02    0.000    1.0e+00|1.0e+00    1.6e-02    3.6e-02    1.3e-02
! 700     3.002e+02    0.006    1.0e+00|1.0e+00    2.7e-01    3.8e-01    7.5e-02
! 100     3.049e+02   -0.010    1.0e+00|1.0e+00    7.0e-02    2.2e-01    3.7e-02
! 100     2.911e+02    0.007    1.0e+00|1.0e+00    8.9e-02    2.9e-01    5.3e-02
*  18     2.893e+02   -0.000    1       366
!   0     1.025e+03 1136.882    1.0e+00|1.0e+00    9.5e-01    2.8e+01    2.1e+01
! 800     2.995e+02    0.001    1.0e+00|1.0e+00    2.6e-02    6.6e-02    3.8e-02
! 200     3.035e+02   -0.001    1.0e+00|1.0e+00    1.1e-01    1.8e-01    2.9e-02
! 200     2.897e+02    0.012    1.0e+00|1.0e+00    6.5e-02    8.5e-02    3.0e-02
! 100     3.030e+02    0.021    1.0e+00|1.0e+00    5.0e-02    2.0e-01    4.6e-02
! 900     2.991e+02   -0.001    1.0e+00|1.0e+00    6.4e-02    9.0e-02    4.3e-02
! 300     3.023e+02   -0.003    1.0e+00|1.0e+00    1.2e-01    2.0e-01    3.7e-02
! 300     2.896e+02    0.000    1.0e+00|1.0e+00    2.0e-02    4.1e-02    1.7e-02
! 200     3.016e+02   -0.002    1.0e+00|1.0e+00    9.7e-02    1.4e-01    3.7e-02
*  15     2.988e+02   -0.000    0       999
! 400     3.016e+02   -0.002    1.0e+00|1.0e+00    4.3e-02    7.9e-02    3.8e-02
!   0     1.059e+03 1118.575    1.0e+00|1.0e+00    9.7e-01    2.8e+01    7.6e+00
*  20     2.896e+02   -0.000    1       383
!   0     1.045e+03 1066.873    1.0e+00|1.0e+00    9.8e-01    2.7e+01    1.3e+01
! 300     2.960e+02   -0.003    1.0e+00|1.0e+00    1.8e-01    2.4e-01    7.0e-02
! 500     3.011e+02    0.000    1.0e+00|1.0e+00    5.4e-02    7.0e-02    4.1e-02
! 100     3.015e+02   -0.002    1.0e+00|1.0e+00    7.0e-02    1.7e-01    3.6e-02
! 100     3.008e+02   -0.001    1.0e+00|1.0e+00    3.5e-02    1.1e-01    3.6e-02
! 400     2.950e+02    0.011    1.0e+00|1.0e+00    1.2e-01    1.6e-01    3.1e-02
! 600     3.007e+02   -0.000    1.0e+00|1.0e+00    2.6e-02    3.9e-02    4.1e-02
! 200     3.008e+02   -0.001    1.0e+00|1.0e+00    3.2e-02    1.4e-01    2.5e-02
! 200     3.003e+02    0.000    1.0e+00|1.0e+00    5.2e-02    9.3e-02    2.2e-02
! 500     2.947e+02    0.000    1.0e+00|1.0e+00    5.9e-02    7.4e-02    3.3e-02
! 700     3.003e+02   -0.001    1.0e+00|1.0e+00    4.9e-02    7.1e-02    5.0e-02
! 300     3.003e+02   -0.001    1.0e+00|1.0e+00    1.7e-02    4.6e-02    1.9e-02
! 300     3.000e+02    0.000    1.0e+00|1.0e+00    3.6e-02    5.0e-02    2.0e-02
! 600     2.945e+02    0.000    1.0e+00|1.0e+00    2.9e-02    4.1e-02    3.2e-02
*  21     2.945e+02   -0.000    1       627
! 800     2.999e+02    0.000    1.0e+00|1.0e+00    1.0e-01    1.2e-01    4.8e-02
!   0     1.123e+03 1089.391    1.0e+00|1.0e+00    9.6e-01    2.8e+01    3.1e+01
! 400     3.001e+02   -0.000    1.0e+00|1.0e+00    1.3e-02    3.9e-02    1.8e-02
! 400     2.999e+02   -0.001    1.0e+00|1.0e+00    3.0e-02    6.1e-02    1.8e-02
! 900     2.995e+02   -0.001    1.0e+00|1.0e+00    8.4e-02    1.2e-01    4.8e-02
! 500     3.000e+02    0.000    1.0e+00|1.0e+00    1.9e-02    4.8e-02    1.9e-02
! 100     2.983e+02   -0.010    1.0e+00|1.0e+00    2.0e-01    5.0e-01    7.8e-02
! 500     2.997e+02   -0.001    1.0e+00|1.0e+00    2.9e-02    4.6e-02    1.6e-02
*  19     2.991e+02   -0.001    0       999
! 600     2.997e+02   -0.000    1.0e+00|1.0e+00    4.2e-02    6.4e-02    2.3e-02
!   0     1.086e+03 1067.417    1.0e+00|1.0e+00    9.7e-01    2.8e+01    1.6e+01
! 200     2.900e+02    0.005    1.0e+00|1.0e+00    1.3e-01    1.6e-01    4.0e-02
! 600     2.996e+02   -0.000    1.0e+00|1.0e+00    2.2e-02    2.7e-02    1.8e-02
*  23     2.996e+02   -0.000    1       608
!   0     1.089e+03 1056.724    1.0e+00|1.0e+00    9.6e-01    2.7e+01    4.5e+01
*  22     2.996e+02   -0.000    1       698
! 300     2.896e+02   -0.001    1.0e+00|1.0e+00    2.8e-02    5.2e-02    2.5e-02
! 100     2.886e+02    0.011    1.0e+00|1.0e+00    5.0e-02    1.6e-01    3.0e-02
!   0     1.048e+03 1091.426    1.0e+00|1.0e+00    9.4e-01    2.8e+01    2.0e+01
! 100     2.888e+02    0.007    1.0e+00|1.0e+00    1.3e-01    1.9e-01    3.6e-02
! 400     2.895e+02    0.000    1.0e+00|1.0e+00    5.8e-02    7.5e-02    1.9e-02
*  25     2.881e+02   -0.001    1       198
! 100     2.986e+02    0.001    1.0e+00|1.0e+00    7.4e-02    2.2e-01    3.8e-02
!   0     1.050e+03 1066.942    1.0e+00|1.0e+00    9.8e-01    2.8e+01    1.2e+01
! 200     2.885e+02   -0.000    1.0e+00|1.0e+00    2.6e-02    5.3e-02    2.0e-02
! 500     2.894e+02    0.000    1.0e+00|1.0e+00    5.5e-02    5.8e-02    1.7e-02
*  24     2.894e+02   -0.000    1       506
! 200     2.966e+02   -0.002    1.0e+00|1.0e+00    8.0e-02    1.4e-01    4.3e-02
!   0     1.096e+03 1079.477    1.0e+00|1.0e+00    9.5e-01    2.8e+01    2.9e+01
! 100     2.922e+02    0.016    1.0e+00|1.0e+00    8.4e-02    2.7e-01    3.8e-02
*  26     2.884e+02   -0.001    1       296
!   0     1.076e+03 1072.618    1.0e+00|1.0e+00    9.6e-01    2.8e+01    1.7e+01
! 300     2.951e+02   -0.010    1.0e+00|1.0e+00    2.2e-01    4.2e-01    6.6e-02
! 100     3.013e+02   -0.001    1.0e+00|1.0e+00    5.2e-02    2.6e-01    4.2e-02
! 200     2.906e+02   -0.000    1.0e+00|1.0e+00    7.2e-02    1.1e-01    2.2e-02
! 100     2.994e+02   -0.017    1.0e+00|1.0e+00    1.1e-01    3.5e-01    4.8e-02
! 400     2.885e+02    0.004    1.0e+00|1.0e+00    2.5e-01    3.1e-01    7.9e-02
! 200     2.998e+02    0.005    1.0e+00|1.0e+00    2.0e-02    6.9e-02    2.5e-02
! 300     2.902e+02    0.001    1.0e+00|1.0e+00    6.1e-02    9.1e-02    2.4e-02
! 200     2.988e+02    0.000    1.0e+00|1.0e+00    3.0e-02    6.1e-02    2.1e-02
! 500     2.879e+02   -0.000    1.0e+00|1.0e+00    5.2e-02    6.0e-02    4.1e-02
! 300     2.995e+02    0.003    1.0e+00|1.0e+00    2.1e-02    5.6e-02    2.5e-02
! 400     2.899e+02   -0.002    1.0e+00|1.0e+00    1.2e-02    3.3e-02    2.1e-02
*  27     2.878e+02   -0.001    1       556
! 300     2.987e+02   -0.001    1.0e+00|1.0e+00    4.0e-02    5.2e-02    1.4e-02
!   0     1.102e+03 1097.234    1.0e+00|1.0e+00    9.7e-01    2.8e+01    2.9e+01
! 400     2.992e+02    0.003    1.0e+00|1.0e+00    7.3e-02    8.0e-02    2.9e-02
! 500     2.898e+02   -0.001    1.0e+00|1.0e+00    2.0e-02    3.4e-02    2.3e-02
*  30     2.986e+02   -0.000    1       377
!   0     1.064e+03 1098.517    1.0e+00|1.0e+00    9.8e-01    2.7e+01    1.9e+01
! 100     2.935e+02    0.001    1.0e+00|1.0e+00    7.4e-02    1.7e-01    4.5e-02
! 500     2.990e+02    0.011    1.0e+00|1.0e+00    5.5e-02    9.8e-02    3.6e-02
! 600     2.897e+02   -0.001    1.0e+00|1.0e+00    2.9e-02    5.7e-02    2.7e-02
! 100     3.031e+02    0.003    1.0e+00|1.0e+00    8.8e-02    2.0e-01    4.1e-02
! 200     2.930e+02    0.001    1.0e+00|1.0e+00    2.5e-02    5.9e-02    2.1e-02
! 600     2.988e+02    0.007    1.0e+00|1.0e+00    2.5e-02    3.5e-02    4.2e-02
! 700     2.895e+02   -0.001    1.0e+00|1.0e+00    4.5e-02    5.8e-02    3.7e-02
*  29     2.988e+02    0.002    1       619
!   0     9.900e+02 1144.626    1.0e+00|1.0e+00    9.3e-01    2.7e+01    1.8e+01
! 200     3.012e+02    0.003    1.0e+00|1.0e+00    5.4e-02    1.3e-01    3.0e-02
! 300     2.928e+02    0.001    1.0e+00|1.0e+00    1.4e-02    4.6e-02    1.9e-02
! 800     2.892e+02   -0.004    1.0e+00|1.0e+00    7.8e-02    9.1e-02    3.3e-02
! 300     3.007e+02    0.002    1.0e+00|1.0e+00    8.8e-02    1.2e-01    2.8e-02
! 100     2.905e+02    0.009    1.0e+00|1.0e+00    4.4e-02    1.7e-01    4.3e-02
! 400     2.927e+02    0.001    1.0e+00|1.0e+00    2.8e-02    5.2e-02    1.7e-02
*  28     2.890e+02   -0.002    1       879
!   0     1.156e+03 1030.428    1.0e+00|1.0e+00    9.5e-01    2.7e+01    3.5e+01
! 400     3.002e+02    0.001    1.0e+00|1.0e+00    7.1e-02    1.2e-01    2.7e-02
! 200     2.900e+02    0.002    1.0e+00|1.0e+00    3.8e-02    8.9e-02    2.1e-02
! 500     2.926e+02    0.000    1.0e+00|1.0e+00    2.5e-02    4.2e-02    1.6e-02
! 100     2.992e+02    0.017    1.0e+00|1.0e+00    1.1e-01    4.3e-01    4.2e-02
! 500     2.998e+02    0.001    1.0e+00|1.0e+00    4.1e-02    6.7e-02    2.8e-02
! 300     2.897e+02   -0.001    1.0e+00|1.0e+00    2.5e-02    6.0e-02    1.7e-02
*  31     2.925e+02    0.000    1       591
!   0     1.071e+03 1094.398    1.0e+00|1.0e+00    9.3e-01    2.8e+01    2.2e+01
! 200     2.970e+02   -0.003    1.0e+00|1.0e+00    9.5e-02    2.0e-01    4.6e-02
*  33     2.896e+02   -0.001    1       367
! 600     2.988e+02    0.000    1.0e+00|1.0e+00    4.6e-02    5.4e-02    3.4e-02
!   0     1.061e+03 1069.347    1.0e+00|1.0e+00    9.4e-01    2.8e+01    9.0e+00
! 100     2.913e+02    0.017    1.0e+00|1.0e+00    1.4e-01    4.5e-01    4.2e-02
! 300     2.922e+02    0.006    1.0e+00|1.0e+00    7.6e-02    1.7e-01    7.2e-02
! 700     2.986e+02   -0.000    1.0e+00|1.0e+00    6.1e-02    7.4e-02    2.5e-02
! 100     2.989e+02   -0.004    1.0e+00|1.0e+00    1.5e-01    3.1e-01    4.1e-02
*  32     2.985e+02   -0.000    1       750
! 200     2.901e+02    0.001    1.0e+00|1.0e+00    3.9e-02    1.0e-01    2.2e-02
!   0     1.061e+03 1078.424    1.0e+00|1.0e+00    9.8e-01    2.8e+01    1.6e+01
! 400     2.890e+02   -0.006    1.0e+00|1.0e+00    1.4e-01    1.5e-01    4.8e-02
! 200     2.963e+02   -0.004    1.0e+00|1.0e+00    1.8e-01    3.6e-01    7.5e-02
*  34     2.888e+02   -0.000    1       446
! 300     2.898e+02    0.001    1.0e+00|1.0e+00    6.4e-02    1.0e-01    1.5e-02
!   0     1.016e+03 1109.354    1.0e+00|1.0e+00    9.8e-01    2.7e+01    1.6e+01
! 100     3.049e+02   -0.005    1.0e+00|1.0e+00    1.8e-01    4.0e-01    6.6e-02
! 300     2.890e+02   -0.002    1.0e+00|1.0e+00    6.4e-02    1.4e-01    5.1e-02
! 400     2.897e+02    0.000    1.0e+00|1.0e+00    1.9e-02    4.5e-02    1.5e-02
! 100     2.924e+02    0.041    1.0e+00|1.0e+00    2.8e-01    5.8e-01    7.9e-02
! 200     2.960e+02   -0.002    1.0e+00|1.0e+00    9.8e-02    1.8e-01    4.1e-02
! 400     2.886e+02    0.002    1.0e+00|1.0e+00    7.0e-02    7.6e-02    2.6e-02
! 500     2.896e+02    0.000    1.0e+00|1.0e+00    4.4e-02    6.6e-02    1.2e-02
! 200     2.899e+02    0.003    1.0e+00|1.0e+00    6.3e-02    1.1e-01    2.2e-02
! 300     2.953e+02    0.000    1.0e+00|1.0e+00    5.0e-02    1.0e-01    2.7e-02
! 500     2.885e+02   -0.002    1.0e+00|1.0e+00    5.2e-02    8.4e-02    3.9e-02
! 600     2.895e+02    0.000    1.0e+00|1.0e+00    1.3e-02    2.6e-02    1.6e-02
! 300     2.898e+02    0.001    1.0e+00|1.0e+00    2.5e-02    4.8e-02    1.4e-02
! 400     2.940e+02    0.001    1.0e+00|1.0e+00    2.7e-02    9.1e-02    3.5e-02
! 600     2.880e+02   -0.000    1.0e+00|1.0e+00    5.9e-03    1.6e-02    1.6e-02
*  36     2.880e+02   -0.001    1       600
!   0     1.080e+03 1080.859    1.0e+00|1.0e+00    9.8e-01    2.7e+01    2.7e+01
! 700     2.894e+02    0.000    1.0e+00|1.0e+00    4.1e-02    4.8e-02    1.4e-02
! 400     2.897e+02    0.000    1.0e+00|1.0e+00    1.5e-02    3.3e-02    1.4e-02
! 500     2.937e+02   -0.002    1.0e+00|1.0e+00    2.8e-02    6.6e-02    1.9e-02
! 100     3.076e+02   -0.003    1.0e+00|1.0e+00    1.4e-01    3.9e-01    6.2e-02
*  38     2.896e+02   -0.000    1       488
! 800     2.894e+02   -0.000    1.0e+00|1.0e+00    1.8e-02    2.9e-02    1.3e-02
!   0     1.027e+03 1079.517    1.0e+00|1.0e+00    9.0e-01    2.7e+01    1.5e+01
*  35     2.894e+02   -0.000    1       825
! 600     2.935e+02   -0.000    1.0e+00|1.0e+00    1.5e-02    2.5e-02    1.7e-02
*  37     2.935e+02   -0.000    1       616
!   0     1.054e+03 1093.393    1.0e+00|1.0e+00    9.4e-01    2.8e+01    1.7e+01
!   0     1.080e+03 1074.578    1.0e+00|1.0e+00    9.6e-01    2.8e+01    1.4e+01
! 200     2.970e+02   -0.004    1.0e+00|1.0e+00    5.2e-02    1.6e-01    3.5e-02
! 100     2.906e+02    0.003    1.0e+00|1.0e+00    5.4e-02    1.4e-01    3.6e-02
! 100     2.899e+02    0.005    1.0e+00|1.0e+00    7.9e-02    1.4e-01    3.0e-02
! 100     3.100e+02    0.010    1.0e+00|1.0e+00    6.2e-02    2.3e-01    5.1e-02
! 300     2.962e+02    0.003    1.0e+00|1.0e+00    5.5e-02    1.2e-01    3.0e-02
! 200     2.903e+02    0.000    1.0e+00|1.0e+00    2.8e-02    8.4e-02    2.0e-02
! 200     2.896e+02   -0.000    1.0e+00|1.0e+00    2.3e-02    5.7e-02    1.7e-02
! 200     3.067e+02    0.001    1.0e+00|1.0e+00    8.5e-02    2.3e-01    7.4e-02
! 400     2.952e+02   -0.004    1.0e+00|1.0e+00    1.8e-02    5.1e-02    3.0e-02
! 300     2.900e+02   -0.000    1.0e+00|1.0e+00    2.2e-02    4.3e-02    1.7e-02
! 300     2.894e+02    0.000    1.0e+00|1.0e+00    2.5e-02    5.3e-02    1.7e-02
! 300     2.995e+02    0.007    1.0e+00|1.0e+00    6.2e-02    1.5e-01    9.7e-02
! 500     2.947e+02   -0.001    1.0e+00|1.0e+00    6.7e-02    7.4e-02    2.2e-02
*  41     2.894e+02   -0.000    1       356
!   0     1.040e+03 1056.525    1.0e+00|1.0e+00    9.6e-01    2.7e+01    1.4e+01
! 400     2.899e+02   -0.000    1.0e+00|1.0e+00    1.2e-02    3.0e-02    1.4e-02
*  39     2.946e+02   -0.001    1       585
! 400     2.985e+02   -0.000    1.0e+00|1.0e+00    4.6e-02    7.1e-02    5.8e-02
/usr/lib/python3/dist-packages/joblib/externals/loky/process_executor.py:703: UserWarning: A worker stopped while some jobs were given to the executor. This can be caused by a too short worker timeout or by a memory leak.
  warnings.warn(
!   0     1.045e+03 1135.489    1.0e+00|1.0e+00    9.6e-01    2.8e+01    1.7e+01
*  40     2.899e+02   -0.000    1       480
! 100     3.054e+02    0.017    1.0e+00|1.0e+00    1.3e-01    3.4e-01    8.1e-02
!   0     1.036e+03 1153.458    1.0e+00|1.0e+00    9.5e-01    2.8e+01    1.0e+01
! 500     2.981e+02    0.000    1.0e+00|1.0e+00    3.2e-02    5.1e-02    3.6e-02
! 100     2.897e+02    0.004    1.0e+00|1.0e+00    3.6e-02    1.3e-01    3.1e-02
! 200     3.040e+02    0.002    1.0e+00|1.0e+00    5.1e-02    1.1e-01    2.7e-02
! 100     2.897e+02    0.007    1.0e+00|1.0e+00    5.3e-02    1.6e-01    3.8e-02
! 600     2.979e+02   -0.001    1.0e+00|1.0e+00    7.0e-02    8.1e-02    2.6e-02
! 200     2.894e+02   -0.001    1.0e+00|1.0e+00    3.0e-02    6.3e-02    2.1e-02
! 300     3.037e+02    0.001    1.0e+00|1.0e+00    2.5e-02    6.6e-02    2.1e-02
! 200     2.892e+02   -0.000    1.0e+00|1.0e+00    3.4e-02    7.6e-02    2.1e-02
! 700     2.977e+02    0.001    1.0e+00|1.0e+00    1.5e-02    3.4e-02    2.3e-02
! 300     2.893e+02   -0.000    1.0e+00|1.0e+00    2.6e-02    4.8e-02    1.7e-02
! 400     3.034e+02    0.001    1.0e+00|1.0e+00    2.3e-02    5.3e-02    2.0e-02
! 300     2.890e+02   -0.000    1.0e+00|1.0e+00    3.2e-02    6.0e-02    1.8e-02
! 800     2.976e+02    0.001    1.0e+00|1.0e+00    2.5e-02    6.6e-02    3.2e-02
*  44     2.892e+02   -0.000    1       391
!   0     1.105e+03 1072.939    1.0e+00|1.0e+00    9.9e-01    2.9e+01    1.7e+01
! 500     3.031e+02    0.005    1.0e+00|1.0e+00    3.8e-02    1.2e-01    2.1e-02
! 900     2.973e+02    0.001    1.0e+00|1.0e+00    9.0e-03    2.5e-02    3.7e-02
*  42     2.973e+02    0.001    1       900
! 400     2.889e+02   -0.001    1.0e+00|1.0e+00    3.6e-02    6.0e-02    1.8e-02
!   0     1.091e+03 1055.675    1.0e+00|1.0e+00    9.8e-01    2.7e+01    2.1e+01
! 100     2.993e+02    0.001    1.0e+00|1.0e+00    5.5e-02    1.5e-01    3.5e-02
*  43     3.028e+02   -0.004    1       587
!   0     1.131e+03 1077.876    1.0e+00|1.0e+00    9.9e-01    2.8e+01    3.0e+01
! 500     2.888e+02   -0.001    1.0e+00|1.0e+00    3.4e-02    5.2e-02    1.7e-02
! 100     3.028e+02    0.000    1.0e+00|1.0e+00    8.2e-02    2.2e-01    6.1e-02
! 200     2.989e+02   -0.000    1.0e+00|1.0e+00    4.1e-02    7.1e-02    2.2e-02
! 100     2.899e+02    0.006    1.0e+00|1.0e+00    4.2e-02    1.3e-01    3.2e-02
! 600     2.887e+02   -0.000    1.0e+00|1.0e+00    1.8e-02    3.6e-02    1.4e-02
! 200     3.010e+02   -0.001    1.0e+00|1.0e+00    7.0e-02    1.1e-01    2.8e-02
! 300     2.986e+02   -0.001    1.0e+00|1.0e+00    4.2e-02    6.1e-02    1.7e-02
! 200     2.895e+02   -0.000    1.0e+00|1.0e+00    4.0e-02    6.3e-02    1.9e-02
! 700     2.887e+02   -0.000    1.0e+00|1.0e+00    1.8e-02    2.7e-02    1.2e-02
! 300     3.006e+02    0.000    1.0e+00|1.0e+00    5.1e-02    8.1e-02    2.7e-02
! 400     2.984e+02   -0.000    1.0e+00|1.0e+00    3.9e-02    6.1e-02    1.7e-02
! 300     2.894e+02   -0.000    1.0e+00|1.0e+00    1.9e-02    3.9e-02    1.4e-02
*  45     2.887e+02   -0.000    1       780
!   0     1.042e+03 1088.371    1.0e+00|1.0e+00    9.4e-01    2.7e+01    9.8e+00
! 500     2.984e+02    0.001    1.0e+00|1.0e+00    2.7e-02    4.8e-02    1.5e-02
! 400     3.003e+02    0.000    1.0e+00|1.0e+00    7.4e-02    9.8e-02    3.0e-02
! 400     2.893e+02   -0.000    1.0e+00|1.0e+00    2.9e-02    4.0e-02    1.2e-02
! 100     2.992e+02    0.003    1.0e+00|1.0e+00    3.2e-01    5.6e-01    8.5e-02
*  48     2.893e+02   -0.000    1       430
*  46     2.983e+02    0.000    1       585
!   0     1.069e+03 1035.484    1.0e+00|1.0e+00    9.4e-01    2.7e+01    2.2e+01
! 500     3.001e+02    0.000    1.0e+00|1.0e+00    3.1e-02    4.7e-02    2.6e-02
!   0     1.010e+03 1074.603    1.0e+00|1.0e+00    9.8e-01    2.7e+01    8.3e+00
! 200     2.932e+02    0.002    1.0e+00|1.0e+00    6.0e-02    1.1e-01    2.4e-02
*  47     3.000e+02    0.000    1       586
! 100     2.965e+02   -0.004    1.0e+00|1.0e+00    9.8e-02    3.2e-01    4.4e-02
! 100     2.896e+02    0.007    1.0e+00|1.0e+00    5.2e-02    1.3e-01    3.7e-02
!   0     1.094e+03 1081.967    1.0e+00|1.0e+00    9.5e-01    2.8e+01    2.3e+01
! 300     2.928e+02    0.000    1.0e+00|1.0e+00    2.9e-02    6.8e-02    2.1e-02
! 200     2.878e+02    0.005    1.0e+00|1.0e+00    9.4e-02    1.9e-01    6.0e-02
! 200     2.893e+02    0.001    1.0e+00|1.0e+00    1.6e-02    5.1e-02    2.0e-02
! 100     2.906e+02    0.002    1.0e+00|1.0e+00    4.4e-02    1.3e-01    4.6e-02
! 400     2.926e+02    0.000    1.0e+00|1.0e+00    4.9e-02    7.6e-02    2.1e-02
! 300     2.871e+02    0.000    1.0e+00|1.0e+00    3.8e-02    5.1e-02    1.8e-02
! 300     2.892e+02   -0.000    1.0e+00|1.0e+00    1.9e-02    4.5e-02    1.4e-02
! 200     2.902e+02    0.001    1.0e+00|1.0e+00    3.4e-02    7.8e-02    2.1e-02
*  51     2.892e+02   -0.000    1       328
!   0     1.022e+03 1069.397    1.0e+00|1.0e+00    9.8e-01    2.7e+01    2.6e+01
! 500     2.924e+02    0.000    1.0e+00|1.0e+00    6.9e-02    8.1e-02    1.8e-02
! 400     2.870e+02   -0.001    1.0e+00|1.0e+00    2.3e-02    3.7e-02    1.4e-02
! 300     2.901e+02   -0.001    1.0e+00|1.0e+00    2.6e-02    5.4e-02    1.6e-02
*  50     2.870e+02   -0.001    1       448
! 600     2.923e+02    0.000    1.0e+00|1.0e+00    1.4e-02    3.3e-02    2.1e-02
! 100     2.941e+02    0.001    1.0e+00|1.0e+00    5.0e-02    2.1e-01    5.4e-02
!   0     1.053e+03 1051.099    1.0e+00|1.0e+00    9.8e-01    2.7e+01    1.2e+01
! 400     2.900e+02   -0.000    1.0e+00|1.0e+00    2.5e-02    4.1e-02    1.6e-02
*  52     2.900e+02   -0.000    1       421
! 700     2.922e+02   -0.000    1.0e+00|1.0e+00    4.5e-02    5.6e-02    2.0e-02
!   0     1.038e+03 1071.719    1.0e+00|1.0e+00    9.8e-01    2.7e+01    7.8e+00
! 200     2.926e+02   -0.002    1.0e+00|1.0e+00    4.2e-02    1.0e-01    2.2e-02
! 100     3.021e+02    0.005    1.0e+00|1.0e+00    8.2e-02    2.4e-01    4.3e-02
*  49     2.921e+02   -0.000    1       789
! 300     2.923e+02   -0.001    1.0e+00|1.0e+00    1.9e-02    5.5e-02    2.0e-02
! 100     2.882e+02    0.003    1.0e+00|1.0e+00    5.0e-02    1.0e-01    3.3e-02
!   0     1.025e+03 1126.552    1.0e+00|1.0e+00    9.6e-01    2.8e+01    1.8e+01
! 200     3.003e+02    0.001    1.0e+00|1.0e+00    5.8e-02    1.1e-01    2.8e-02
*  55     2.881e+02   -0.000    1       199
! 400     2.921e+02   -0.000    1.0e+00|1.0e+00    3.9e-02    4.8e-02    2.1e-02
! 100     3.043e+02   -0.001    1.0e+00|1.0e+00    7.4e-02    1.9e-01    4.0e-02
!   0     1.087e+03 1099.639    1.0e+00|1.0e+00    9.4e-01    2.8e+01    4.2e+01
! 300     3.000e+02    0.000    1.0e+00|1.0e+00    1.0e-01    1.2e-01    2.4e-02
! 500     2.920e+02    0.000    1.0e+00|1.0e+00    5.2e-02    5.7e-02    2.0e-02
! 200     3.029e+02   -0.001    1.0e+00|1.0e+00    1.1e-01    1.6e-01    3.2e-02
! 400     2.997e+02    0.001    1.0e+00|1.0e+00    2.4e-02    4.7e-02    2.4e-02
! 100     2.901e+02    0.006    1.0e+00|1.0e+00    1.3e-01    2.5e-01    4.6e-02
*  53     2.919e+02   -0.000    1       579
! 500     2.996e+02    0.001    1.0e+00|1.0e+00    1.5e-02    2.9e-02    2.6e-02
!   0     1.062e+03 1065.482    1.0e+00|1.0e+00    9.7e-01    2.7e+01    1.0e+01
! 300     3.020e+02   -0.003    1.0e+00|1.0e+00    9.5e-02    1.9e-01    3.9e-02
! 200     2.886e+02    0.001    1.0e+00|1.0e+00    1.6e-02    5.4e-02    3.5e-02
*  54     2.996e+02    0.000    1       530
!   0     1.000e+03 1095.969    1.0e+00|1.0e+00    9.9e-01    2.7e+01    9.1e+00
! 100     3.118e+02   -0.026    1.0e+00|1.0e+00    7.4e-02    2.3e-01    4.7e-02
! 400     3.012e+02   -0.002    1.0e+00|1.0e+00    9.5e-02    1.4e-01    4.5e-02
! 300     2.885e+02   -0.000    1.0e+00|1.0e+00    1.4e-02    3.4e-02    1.6e-02
! 100     3.009e+02   -0.003    1.0e+00|1.0e+00    1.6e-01    5.0e-01    9.2e-02
! 400     2.884e+02   -0.002    1.0e+00|1.0e+00    3.5e-02    8.2e-02    2.9e-02
! 200     3.091e+02   -0.006    1.0e+00|1.0e+00    1.0e-01    3.4e-01    7.8e-02
! 500     3.007e+02   -0.002    1.0e+00|1.0e+00    4.1e-02    7.4e-02    4.6e-02
! 200     2.987e+02   -0.000    1.0e+00|1.0e+00    7.0e-02    1.2e-01    2.4e-02
*  57     2.881e+02   -0.004    1       487
! 600     3.003e+02   -0.000    1.0e+00|1.0e+00    6.7e-02    8.4e-02    4.6e-02
! 300     3.005e+02    0.001    1.0e+00|1.0e+00    5.9e-02    1.1e-01    7.7e-02
!   0     1.061e+03 1085.808    1.0e+00|1.0e+00    9.4e-01    2.8e+01    2.3e+01
! 300     2.984e+02   -0.000    1.0e+00|1.0e+00    2.5e-02    4.0e-02    1.7e-02
! 400     2.997e+02   -0.000    1.0e+00|1.0e+00    5.0e-02    7.8e-02    3.6e-02
! 700     2.998e+02   -0.000    1.0e+00|1.0e+00    6.7e-02    1.0e-01    5.8e-02
! 100     2.974e+02   -0.006    1.0e+00|1.0e+00    4.3e-02    1.8e-01    4.9e-02
! 400     2.982e+02    0.000    1.0e+00|1.0e+00    4.9e-02    8.1e-02    1.7e-02
! 500     2.994e+02   -0.001    1.0e+00|1.0e+00    4.1e-02    6.8e-02    2.7e-02
! 200     2.967e+02    0.006    1.0e+00|1.0e+00    4.4e-02    1.1e-01    3.6e-02
! 800     2.995e+02   -0.000    1.0e+00|1.0e+00    3.9e-02    6.6e-02    5.6e-02
! 500     2.981e+02    0.000    1.0e+00|1.0e+00    1.9e-02    4.1e-02    1.7e-02
! 600     2.992e+02   -0.000    1.0e+00|1.0e+00    2.5e-02    3.1e-02    2.5e-02
! 300     2.960e+02   -0.001    1.0e+00|1.0e+00    5.0e-02    8.0e-02    2.2e-02
! 900     2.990e+02   -0.001    1.0e+00|1.0e+00    2.9e-02    4.6e-02    5.7e-02
! 600     2.980e+02   -0.000    1.0e+00|1.0e+00    1.5e-02    2.2e-02    1.8e-02
*  58     2.991e+02   -0.000    1       687
*  59     2.980e+02   -0.000    1       626
!   0     1.075e+03 1116.728    1.0e+00|1.0e+00    9.6e-01    2.8e+01    3.4e+01
! 400     2.959e+02   -0.001    1.0e+00|1.0e+00    2.6e-02    4.8e-02    1.8e-02
!   0     1.111e+03 1068.966    1.0e+00|1.0e+00    9.5e-01    2.8e+01    1.6e+01
*  56     2.987e+02    0.000    0       999
!   0     1.068e+03 1063.587    1.0e+00|1.0e+00    9.6e-01    2.8e+01    1.3e+01
! 100     2.994e+02    0.030    1.0e+00|1.0e+00    9.4e-02    3.5e-01    4.2e-02
! 500     2.957e+02   -0.000    1.0e+00|1.0e+00    3.4e-02    4.6e-02    1.8e-02
! 100     3.012e+02   -0.005    1.0e+00|1.0e+00    5.3e-02    1.6e-01    4.6e-02
*  60     2.957e+02   -0.001    1       526
! 100     2.975e+02   -0.004    1.0e+00|1.0e+00    1.8e-01    4.6e-01    5.7e-02
!   0     1.025e+03 1127.773    1.0e+00|1.0e+00    9.7e-01    2.8e+01    1.3e+01
! 200     2.981e+02   -0.004    1.0e+00|1.0e+00    8.5e-02    1.2e-01    3.0e-02
! 200     3.006e+02   -0.002    1.0e+00|1.0e+00    3.4e-02    8.5e-02    2.3e-02
! 200     2.894e+02    0.007    1.0e+00|1.0e+00    1.0e-01    1.7e-01    3.2e-02
! 100     2.925e+02    0.008    1.0e+00|1.0e+00    8.5e-02    3.3e-01    5.0e-02
! 300     2.973e+02   -0.002    1.0e+00|1.0e+00    1.2e-01    1.6e-01    4.3e-02
! 300     3.004e+02   -0.001    1.0e+00|1.0e+00    1.8e-02    4.2e-02    1.6e-02
! 300     2.892e+02    0.000    1.0e+00|1.0e+00    3.9e-02    5.3e-02    1.9e-02
! 200     2.909e+02    0.002    1.0e+00|1.0e+00    7.5e-02    1.3e-01    2.5e-02
*  62     3.003e+02   -0.000    1       353
!   0     1.121e+03 1031.266    1.0e+00|1.0e+00    9.8e-01    2.7e+01    2.8e+01
! 400     2.966e+02   -0.002    1.0e+00|1.0e+00    7.7e-02    1.1e-01    5.3e-02
! 400     2.891e+02    0.000    1.0e+00|1.0e+00    3.3e-02    6.5e-02    1.8e-02
! 300     2.904e+02   -0.001    1.0e+00|1.0e+00    9.0e-02    1.2e-01    2.2e-02
*  63     2.891e+02   -0.002    1       424
!   0     1.096e+03 1086.632    1.0e+00|1.0e+00    9.8e-01    2.8e+01    3.2e+01
! 100     2.910e+02    0.002    1.0e+00|1.0e+00    5.0e-02    1.4e-01    3.1e-02
! 500     2.959e+02   -0.002    1.0e+00|1.0e+00    1.1e-01    1.4e-01    6.7e-02
*  64     2.903e+02   -0.001    1       373
!   0     1.042e+03 1049.210    1.0e+00|1.0e+00    9.6e-01    2.7e+01    9.3e+00
! 100     3.081e+02   -0.015    1.0e+00|1.0e+00    5.6e-02    2.1e-01    5.2e-02
! 200     2.908e+02    0.001    1.0e+00|1.0e+00    3.0e-02    6.3e-02    1.9e-02
! 600     2.948e+02   -0.020    1.0e+00|1.0e+00    1.6e-01    3.8e-01    1.0e-01
! 100     2.912e+02    0.006    1.0e+00|1.0e+00    8.5e-02    2.0e-01    4.1e-02
! 200     3.068e+02   -0.009    1.0e+00|1.0e+00    1.4e-01    2.5e-01    4.1e-02
! 300     2.907e+02    0.000    1.0e+00|1.0e+00    2.5e-02    4.7e-02    1.5e-02
! 700     2.911e+02    0.003    1.0e+00|1.0e+00    2.7e-01    2.8e-01    7.8e-02
! 200     2.906e+02    0.001    1.0e+00|1.0e+00    4.0e-02    8.5e-02    2.0e-02
! 300     3.037e+02    0.006    1.0e+00|1.0e+00    8.3e-02    1.6e-01    4.6e-02
! 400     2.906e+02    0.000    1.0e+00|1.0e+00    1.5e-02    3.2e-02    1.4e-02
! 800     2.902e+02    0.002    1.0e+00|1.0e+00    6.8e-02    9.1e-02    5.5e-02
! 300     2.904e+02    0.001    1.0e+00|1.0e+00    5.0e-02    8.1e-02    1.6e-02
! 900     2.892e+02   -0.003    1.0e+00|1.0e+00    7.8e-02    1.1e-01    6.3e-02
! 400     3.032e+02    0.004    1.0e+00|1.0e+00    4.2e-02    9.1e-02    3.3e-02
! 500     2.905e+02   -0.000    1.0e+00|1.0e+00    3.0e-02    3.9e-02    1.3e-02
*  61     2.889e+02   -0.001    1       945
*  65     2.904e+02   -0.000    1       563
!   0     1.072e+03 1060.808    1.0e+00|1.0e+00    9.1e-01    2.8e+01    2.6e+01
! 400     2.902e+02   -0.000    1.0e+00|1.0e+00    5.1e-02    8.4e-02    1.6e-02
! 500     3.030e+02    0.000    1.0e+00|1.0e+00    4.2e-02    5.3e-02    2.6e-02
!   0     1.086e+03 1061.402    1.0e+00|1.0e+00    9.7e-01    2.7e+01    1.5e+01
! 500     2.901e+02   -0.000    1.0e+00|1.0e+00    1.7e-02    3.4e-02    1.7e-02
! 100     2.958e+02   -0.053    1.0e+00|1.0e+00    3.7e-01    1.6e+00    1.1e-01
*  66     3.028e+02   -0.001    1       583
! 100     2.915e+02    0.001    1.0e+00|1.0e+00    1.1e-01    2.4e-01    3.6e-02
!   0     1.052e+03 1070.142    1.0e+00|1.0e+00    9.7e-01    2.7e+01    1.3e+01
! 600     2.900e+02   -0.000    1.0e+00|1.0e+00    3.1e-02    3.9e-02    1.6e-02
! 200     2.897e+02    0.003    1.0e+00|1.0e+00    5.7e-02    1.1e-01    2.2e-02
*  67     2.900e+02   -0.000    1       613
!   0     1.033e+03 1060.854    1.0e+00|1.0e+00    9.7e-01    2.7e+01    9.4e+00
! 200     2.907e+02    0.000    1.0e+00|1.0e+00    2.7e-02    7.8e-02    2.0e-02
! 100     2.999e+02   -0.002    1.0e+00|1.0e+00    6.9e-02    1.9e-01    3.5e-02
! 300     2.894e+02    0.001    1.0e+00|1.0e+00    6.6e-02    1.3e-01    2.2e-02
! 100     2.899e+02    0.005    1.0e+00|1.0e+00    4.0e-02    1.3e-01    3.3e-02
! 200     2.984e+02   -0.001    1.0e+00|1.0e+00    1.3e-01    1.6e-01    2.9e-02
! 300     2.905e+02   -0.001    1.0e+00|1.0e+00    5.4e-02    8.9e-02    2.1e-02
! 400     2.891e+02   -0.001    1.0e+00|1.0e+00    3.0e-02    4.7e-02    2.0e-02
! 300     2.979e+02    0.001    1.0e+00|1.0e+00    2.9e-02    7.3e-02    3.5e-02
! 200     2.895e+02    0.001    1.0e+00|1.0e+00    3.4e-02    6.3e-02    1.9e-02
! 400     2.903e+02   -0.000    1.0e+00|1.0e+00    2.8e-02    5.8e-02    1.4e-02
*  69     2.903e+02   -0.000    1       418
!   0     1.079e+03 1112.318    1.0e+00|1.0e+00    9.6e-01    2.8e+01    2.7e+01
! 500     2.890e+02   -0.001    1.0e+00|1.0e+00    2.1e-02    2.8e-02    2.1e-02
! 400     2.975e+02   -0.000    1.0e+00|1.0e+00    3.5e-02    4.7e-02    3.2e-02
! 300     2.894e+02    0.000    1.0e+00|1.0e+00    2.0e-02    4.1e-02    1.5e-02
*  71     2.894e+02   -0.000    1       347
! 100     2.888e+02    0.014    1.0e+00|1.0e+00    9.9e-02    2.3e-01    5.7e-02
! 600     2.890e+02   -0.001    1.0e+00|1.0e+00    3.2e-02    4.2e-02    2.2e-02
!   0     1.060e+03 1086.750    1.0e+00|1.0e+00    9.7e-01    2.8e+01    1.5e+01
! 500     2.973e+02   -0.001    1.0e+00|1.0e+00    1.7e-02    3.5e-02    3.0e-02
! 200     2.881e+02   -0.006    1.0e+00|1.0e+00    5.9e-02    9.8e-02    1.9e-02
! 700     2.889e+02   -0.000    1.0e+00|1.0e+00    4.2e-02    6.0e-02    2.5e-02
! 100     2.997e+02    0.006    1.0e+00|1.0e+00    6.6e-02    1.9e-01    3.7e-02
! 600     2.970e+02   -0.001    1.0e+00|1.0e+00    4.5e-02    6.7e-02    3.7e-02
*  72     2.880e+02   -0.002    1       249
!   0     1.042e+03 1061.507    1.0e+00|1.0e+00    9.6e-01    2.7e+01    1.1e+01
! 800     2.888e+02   -0.001    1.0e+00|1.0e+00    5.7e-02    6.4e-02    3.5e-02
! 200     2.985e+02   -0.000    1.0e+00|1.0e+00    1.1e-01    1.9e-01    4.1e-02
*  68     2.887e+02   -0.002    1       822
! 700     2.968e+02   -0.001    1.0e+00|1.0e+00    1.5e-02    3.4e-02    3.8e-02
!   0     1.067e+03 1052.364    1.0e+00|1.0e+00    9.7e-01    2.7e+01    1.9e+01
! 100     2.990e+02   -0.004    1.0e+00|1.0e+00    1.1e-01    2.6e-01    4.3e-02
! 300     2.970e+02   -0.002    1.0e+00|1.0e+00    6.6e-02    1.3e-01    5.3e-02
! 800     2.967e+02    0.000    1.0e+00|1.0e+00    4.9e-02    6.3e-02    3.5e-02
*  70     2.966e+02   -0.001    1       809
! 100     3.046e+02   -0.012    1.0e+00|1.0e+00    1.1e-01    2.3e-01    4.1e-02
! 200     2.907e+02   -0.001    1.0e+00|1.0e+00    1.3e-01    2.6e-01    7.8e-02
!   0     1.010e+03 1108.389    1.0e+00|1.0e+00    9.6e-01    2.7e+01    9.8e+00
! 400     2.961e+02   -0.003    1.0e+00|1.0e+00    4.5e-02    1.1e-01    5.4e-02
! 200     3.026e+02   -0.001    1.0e+00|1.0e+00    9.2e-02    2.2e-01    4.3e-02
! 300     2.894e+02    0.002    1.0e+00|1.0e+00    7.7e-02    8.9e-02    2.2e-02
! 100     2.902e+02    0.005    1.0e+00|1.0e+00    6.5e-02    1.4e-01    3.0e-02
! 500     2.951e+02   -0.007    1.0e+00|1.0e+00    5.5e-02    1.1e-01    8.8e-02
! 300     2.976e+02   -0.004    1.0e+00|1.0e+00    1.6e-01    2.8e-01    7.7e-02
! 200     2.898e+02    0.003    1.0e+00|1.0e+00    3.5e-02    7.6e-02    2.1e-02
! 400     2.893e+02    0.001    1.0e+00|1.0e+00    4.1e-02    6.4e-02    2.5e-02
*  76     2.898e+02   -0.000    1       223
! 600     2.910e+02   -0.001    1.0e+00|1.0e+00    9.3e-02    1.6e-01    9.1e-02
!   0     1.052e+03 1105.578    1.0e+00|1.0e+00    9.4e-01    2.8e+01    1.4e+01
! 400     2.956e+02   -0.004    1.0e+00|1.0e+00    1.5e-01    2.1e-01    7.0e-02
*  74     2.892e+02   -0.001    1       488
!   0     1.025e+03 1041.128    1.0e+00|1.0e+00    9.8e-01    2.7e+01    1.6e+01
! 700     2.900e+02    0.003    1.0e+00|1.0e+00    1.4e-01    2.0e-01    8.2e-02
! 100     2.960e+02    0.024    1.0e+00|1.0e+00    1.9e-01    6.5e-01    9.2e-02
! 500     2.928e+02    0.001    1.0e+00|1.0e+00    8.6e-02    1.0e-01    4.9e-02
! 100     2.888e+02    0.032    1.0e+00|1.0e+00    1.3e-01    2.4e-01    3.3e-02
! 800     2.894e+02    0.002    1.0e+00|1.0e+00    5.9e-02    7.6e-02    6.6e-02
! 200     2.902e+02    0.004    1.0e+00|1.0e+00    6.9e-02    1.5e-01    3.6e-02
! 600     2.924e+02    0.001    1.0e+00|1.0e+00    6.8e-02    8.7e-02    3.9e-02
! 200     2.884e+02   -0.001    1.0e+00|1.0e+00    2.2e-02    4.5e-02    1.8e-02
! 900     2.891e+02    0.000    1.0e+00|1.0e+00    6.1e-02    8.9e-02    4.7e-02
! 300     2.899e+02   -0.000    1.0e+00|1.0e+00    3.4e-02    6.2e-02    1.7e-02
*  73     2.890e+02   -0.001    1       929
! 700     2.921e+02   -0.001    1.0e+00|1.0e+00    3.8e-02    5.4e-02    3.1e-02
!   0     1.082e+03 1077.120    1.0e+00|1.0e+00    9.6e-01    2.8e+01    2.7e+01
*  78     2.883e+02   -0.001    1       295
!   0     1.056e+03 1044.674    1.0e+00|1.0e+00    9.5e-01    2.7e+01    1.1e+01
*  75     2.919e+02   -0.001    1       760
! 400     2.897e+02   -0.001    1.0e+00|1.0e+00    1.4e-02    3.4e-02    1.6e-02
!   0     1.059e+03 1074.361    1.0e+00|1.0e+00    9.9e-01    2.8e+01    1.5e+01
! 100     2.997e+02    0.012    1.0e+00|1.0e+00    4.2e-02    1.6e-01    3.9e-02
! 100     2.898e+02    0.007    1.0e+00|1.0e+00    5.3e-02    1.7e-01    3.6e-02
! 500     2.897e+02   -0.000    1.0e+00|1.0e+00    1.6e-02    2.8e-02    1.7e-02
! 100     2.907e+02    0.003    1.0e+00|1.0e+00    4.8e-02    1.5e-01    3.7e-02
! 200     2.972e+02    0.004    1.0e+00|1.0e+00    7.9e-02    2.3e-01    3.0e-02
! 200     2.892e+02    0.000    1.0e+00|1.0e+00    3.5e-02    8.3e-02    2.1e-02
*  77     2.896e+02   -0.000    1       586
! 200     2.903e+02   -0.000    1.0e+00|1.0e+00    3.7e-02    9.3e-02    2.0e-02
!   0     1.021e+03 1103.332    1.0e+00|1.0e+00    9.6e-01    2.7e+01    1.3e+01
! 300     2.965e+02   -0.001    1.0e+00|1.0e+00    2.7e-02    6.1e-02    1.9e-02
! 300     2.891e+02   -0.000    1.0e+00|1.0e+00    2.9e-02    5.2e-02    1.7e-02
! 300     2.902e+02   -0.001    1.0e+00|1.0e+00    2.4e-02    4.4e-02    1.6e-02
! 100     2.898e+02    0.018    1.0e+00|1.0e+00    1.0e-01    2.0e-01    3.8e-02
! 400     2.964e+02   -0.002    1.0e+00|1.0e+00    1.9e-02    4.2e-02    2.0e-02
! 400     2.890e+02   -0.000    1.0e+00|1.0e+00    6.4e-02    7.9e-02    1.8e-02
! 200     2.892e+02    0.000    1.0e+00|1.0e+00    4.2e-02    7.5e-02    2.3e-02
! 400     2.900e+02   -0.000    1.0e+00|1.0e+00    1.9e-02    4.3e-02    1.3e-02
! 500     2.963e+02   -0.001    1.0e+00|1.0e+00    2.2e-02    4.3e-02    1.8e-02
! 500     2.888e+02   -0.000    1.0e+00|1.0e+00    2.4e-02    4.5e-02    1.7e-02
! 300     2.891e+02   -0.000    1.0e+00|1.0e+00    4.8e-02    6.9e-02    2.1e-02
! 500     2.899e+02   -0.000    1.0e+00|1.0e+00    2.6e-02    3.8e-02    1.5e-02
*  81     2.899e+02   -0.000    1       530
! 600     2.960e+02   -0.003    1.0e+00|1.0e+00    2.0e-02    5.5e-02    1.7e-02
!   0     1.081e+03 1047.287    1.0e+00|1.0e+00    9.7e-01    2.7e+01    2.1e+01
! 600     2.887e+02   -0.001    1.0e+00|1.0e+00    2.7e-02    3.7e-02    1.5e-02
*  80     2.887e+02   -0.001    1       614
! 400     2.889e+02   -0.001    1.0e+00|1.0e+00    1.7e-02    3.8e-02    2.3e-02
!   0     1.085e+03 1114.846    1.0e+00|1.0e+00    9.5e-01    2.8e+01    2.7e+01
! 700     2.958e+02   -0.001    1.0e+00|1.0e+00    2.0e-02    3.6e-02    1.9e-02
*  79     2.958e+02   -0.002    1       708
*  82     2.888e+02   -0.002    1       465
! 100     2.896e+02    0.005    1.0e+00|1.0e+00    4.4e-02    1.3e-01    3.1e-02
!   0     1.128e+03 1072.034    1.0e+00|1.0e+00    9.7e-01    2.7e+01    4.5e+01
!   0     1.031e+03 1077.035    1.0e+00|1.0e+00    9.6e-01    2.7e+01    1.9e+01
! 100     3.081e+02   -0.005    1.0e+00|1.0e+00    9.5e-02    2.1e-01    3.9e-02
! 100     3.009e+02   -0.001    1.0e+00|1.0e+00    4.7e-02    1.4e-01    3.8e-02
! 200     2.893e+02    0.000    1.0e+00|1.0e+00    3.0e-02    6.3e-02    1.9e-02
! 100     2.930e+02    0.008    1.0e+00|1.0e+00    1.5e-01    3.5e-01    7.6e-02
! 200     3.069e+02   -0.001    1.0e+00|1.0e+00    5.8e-02    1.2e-01    2.7e-02
! 300     2.892e+02    0.000    1.0e+00|1.0e+00    3.7e-02    6.0e-02    1.3e-02
! 200     3.005e+02    0.001    1.0e+00|1.0e+00    2.1e-02    5.7e-02    2.3e-02
! 200     2.908e+02    0.001    1.0e+00|1.0e+00    6.7e-02    1.2e-01    2.3e-02
! 300     3.063e+02   -0.000    1.0e+00|1.0e+00    3.7e-02    8.0e-02    2.8e-02
! 400     2.892e+02   -0.000    1.0e+00|1.0e+00    2.5e-02    3.7e-02    1.2e-02
*  83     2.892e+02   -0.001    1       404
! 300     3.003e+02    0.000    1.0e+00|1.0e+00    1.8e-02    4.2e-02    1.8e-02
! 300     2.904e+02   -0.001    1.0e+00|1.0e+00    3.3e-02    5.6e-02    1.8e-02
!   0     1.056e+03 1057.565    1.0e+00|1.0e+00    9.7e-01    2.7e+01    1.6e+01
! 400     3.059e+02    0.001    1.0e+00|1.0e+00    5.0e-02    6.9e-02    2.5e-02
! 400     3.000e+02   -0.002    1.0e+00|1.0e+00    3.1e-02    8.9e-02    2.2e-02
! 100     2.906e+02    0.005    1.0e+00|1.0e+00    3.8e-02    1.2e-01    3.2e-02
! 400     2.903e+02    0.000    1.0e+00|1.0e+00    3.8e-02    5.4e-02    1.7e-02
! 500     3.057e+02    0.001    1.0e+00|1.0e+00    1.4e-02    3.9e-02    2.7e-02
*  85     2.999e+02    0.000    1       494
! 200     2.904e+02    0.000    1.0e+00|1.0e+00    1.8e-02    5.0e-02    1.9e-02
! 500     2.902e+02    0.000    1.0e+00|1.0e+00    2.7e-02    5.0e-02    1.8e-02
!   0     1.096e+03 1017.972    1.0e+00|1.0e+00    9.9e-01    2.8e+01    1.4e+01
! 600     3.055e+02    0.000    1.0e+00|1.0e+00    1.2e-02    3.2e-02    2.6e-02
! 300     2.902e+02   -0.000    1.0e+00|1.0e+00    3.4e-02    5.9e-02    1.4e-02
! 600     2.900e+02    0.000    1.0e+00|1.0e+00    4.1e-02    5.9e-02    1.8e-02
! 100     2.974e+02   -0.023    1.0e+00|1.0e+00    1.2e-01    5.6e-01    7.6e-02
! 700     3.053e+02    0.000    1.0e+00|1.0e+00    3.4e-02    5.8e-02    2.8e-02
*  87     2.902e+02   -0.000    1       346
*  86     2.900e+02    0.000    1       644
!   0     1.061e+03 1086.333    1.0e+00|1.0e+00    9.3e-01    2.8e+01    1.8e+01
!   0     1.085e+03 1071.760    1.0e+00|1.0e+00    9.8e-01    2.8e+01    2.3e+01
! 200     2.927e+02    0.001    1.0e+00|1.0e+00    6.1e-02    1.4e-01    2.9e-02
! 800     3.051e+02   -0.001    1.0e+00|1.0e+00    1.4e-02    3.3e-02    3.0e-02
! 100     2.958e+02    0.002    1.0e+00|1.0e+00    4.8e-02    1.2e-01    3.3e-02
! 100     3.058e+02   -0.014    1.0e+00|1.0e+00    1.2e-01    3.1e-01    4.7e-02
! 300     2.923e+02    0.000    1.0e+00|1.0e+00    7.2e-02    1.0e-01    2.3e-02
! 900     3.049e+02   -0.000    1.0e+00|1.0e+00    8.1e-02    8.8e-02    2.4e-02
! 200     2.951e+02    0.000    1.0e+00|1.0e+00    4.1e-02    8.2e-02    2.1e-02
*  84     3.048e+02   -0.000    1       959
! 200     2.995e+02    0.007    1.0e+00|1.0e+00    2.2e-01    2.9e-01    9.6e-02
!   0     1.117e+03 1046.544    1.0e+00|1.0e+00    9.6e-01    2.7e+01    3.1e+01
! 400     2.920e+02    0.000    1.0e+00|1.0e+00    7.1e-02    1.2e-01    2.0e-02
! 300     2.950e+02    0.000    1.0e+00|1.0e+00    2.5e-02    4.6e-02    1.4e-02
! 300     2.950e+02    0.004    1.0e+00|1.0e+00    6.5e-02    1.2e-01    6.1e-02
! 100     3.022e+02   -0.006    1.0e+00|1.0e+00    1.2e-01    2.6e-01    5.9e-02
! 500     2.918e+02   -0.001    1.0e+00|1.0e+00    3.6e-02    4.9e-02    2.2e-02
*  89     2.949e+02   -0.000    1       351
!   0     1.076e+03 1020.182    1.0e+00|1.0e+00    9.4e-01    2.7e+01    1.7e+01
! 400     2.942e+02   -0.001    1.0e+00|1.0e+00    5.2e-02    7.1e-02    3.2e-02
! 200     3.008e+02    0.005    1.0e+00|1.0e+00    5.8e-02    1.9e-01    3.4e-02
! 600     2.917e+02    0.001    1.0e+00|1.0e+00    6.3e-02    8.4e-02    1.9e-02
! 100     2.924e+02    0.016    1.0e+00|1.0e+00    1.0e-01    2.4e-01    3.8e-02
! 500     2.939e+02    0.000    1.0e+00|1.0e+00    5.8e-02    7.3e-02    2.5e-02
*  88     2.916e+02    0.000    1       672
! 300     2.995e+02    0.000    1.0e+00|1.0e+00    1.2e-01    1.5e-01    4.0e-02
!   0     1.028e+03 1093.265    1.0e+00|1.0e+00    9.9e-01    2.8e+01    1.9e+01
! 200     2.916e+02   -0.000    1.0e+00|1.0e+00    6.9e-02    1.3e-01    2.1e-02
! 600     2.938e+02    0.001    1.0e+00|1.0e+00    3.2e-02    4.3e-02    1.9e-02
! 400     2.988e+02   -0.001    1.0e+00|1.0e+00    4.5e-02    9.1e-02    4.9e-02
! 100     2.996e+02   -0.001    1.0e+00|1.0e+00    1.1e-01    2.7e-01    4.2e-02
! 300     2.914e+02    0.001    1.0e+00|1.0e+00    3.5e-02    6.4e-02    1.6e-02
! 700     2.938e+02    0.000    1.0e+00|1.0e+00    3.9e-02    5.5e-02    1.7e-02
! 500     2.982e+02    0.001    1.0e+00|1.0e+00    5.2e-02    8.9e-02    5.6e-02
! 200     2.978e+02    0.001    1.0e+00|1.0e+00    5.9e-02    1.4e-01    2.6e-02
! 400     2.913e+02    0.001    1.0e+00|1.0e+00    2.9e-02    3.9e-02    1.5e-02
! 800     2.937e+02   -0.000    1.0e+00|1.0e+00    1.2e-02    2.4e-02    1.5e-02
! 600     2.976e+02   -0.000    1.0e+00|1.0e+00    6.5e-02    8.4e-02    7.0e-02
! 300     2.974e+02    0.001    1.0e+00|1.0e+00    3.7e-02    9.1e-02    2.3e-02
! 500     2.912e+02    0.000    1.0e+00|1.0e+00    3.5e-02    5.6e-02    1.3e-02
! 900     2.936e+02    0.000    1.0e+00|1.0e+00    2.2e-02    3.1e-02    1.6e-02
! 700     2.968e+02   -0.004    1.0e+00|1.0e+00    7.8e-02    1.1e-01    6.6e-02
*  90     2.936e+02   -0.000    1       928
! 400     2.971e+02    0.001    1.0e+00|1.0e+00    4.5e-02    7.2e-02    2.2e-02
!   0     9.837e+02 1097.230    1.0e+00|1.0e+00    9.6e-01    2.7e+01    1.3e+01
! 600     2.911e+02    0.000    1.0e+00|1.0e+00    1.4e-02    2.5e-02    1.4e-02
! 800     2.937e+02   -0.077    1.0e+00|1.0e+00    2.4e-01    8.7e-01    1.4e-01
! 500     2.969e+02   -0.000    1.0e+00|1.0e+00    2.3e-02    5.7e-02    1.9e-02
! 100     2.976e+02   -0.014    1.0e+00|1.0e+00    1.0e-01    2.7e-01    4.4e-02
! 700     2.910e+02    0.000    1.0e+00|1.0e+00    2.6e-02    4.0e-02    1.5e-02
! 900     2.906e+02    0.002    1.0e+00|1.0e+00    9.5e-02    1.0e-01    5.6e-02
! 600     2.967e+02   -0.000    1.0e+00|1.0e+00    3.7e-02    6.6e-02    2.2e-02
! 200     2.916e+02   -0.005    1.0e+00|1.0e+00    1.9e-01    3.4e-01    8.3e-02
! 800     2.910e+02   -0.000    1.0e+00|1.0e+00    6.5e-02    6.8e-02    1.8e-02
*  92     2.910e+02   -0.000    1       803
*  91     2.900e+02    0.004    0       999
!   0     1.050e+03 1105.903    1.0e+00|1.0e+00    9.5e-01    2.8e+01    1.8e+01
*  93     2.966e+02   -0.000    1       669
!   0     1.094e+03 1082.650    1.0e+00|1.0e+00    9.4e-01    2.8e+01    3.0e+01
!   0     1.124e+03 1062.960    1.0e+00|1.0e+00    9.7e-01    2.7e+01    3.4e+01
! 300     2.881e+02    0.002    1.0e+00|1.0e+00    8.1e-02    9.3e-02    3.4e-02
! 100     2.899e+02    0.005    1.0e+00|1.0e+00    5.4e-02    1.5e-01    3.2e-02
! 100     2.907e+02    0.011    1.0e+00|1.0e+00    4.9e-02    1.7e-01    4.1e-02
! 100     2.982e+02    0.005    1.0e+00|1.0e+00    1.4e-01    3.9e-01    6.7e-02
! 400     2.880e+02   -0.001    1.0e+00|1.0e+00    2.6e-02    3.8e-02    1.6e-02
*  94     2.880e+02   -0.001    1       436
! 200     2.893e+02   -0.002    1.0e+00|1.0e+00    4.0e-02    8.5e-02    2.2e-02
!   0     1.058e+03 1107.444    1.0e+00|1.0e+00    9.5e-01    2.8e+01    1.6e+01
! 200     2.903e+02    0.000    1.0e+00|1.0e+00    3.7e-02    6.9e-02    1.9e-02
! 200     2.897e+02    0.001    1.0e+00|1.0e+00    6.1e-02    1.3e-01    2.8e-02
! 300     2.891e+02   -0.000    1.0e+00|1.0e+00    5.4e-02    8.2e-02    1.9e-02
! 100     3.023e+02   -0.012    1.0e+00|1.0e+00    7.3e-02    2.0e-01    4.0e-02
! 300     2.902e+02    0.000    1.0e+00|1.0e+00    2.1e-02    4.7e-02    1.6e-02
! 300     2.894e+02    0.000    1.0e+00|1.0e+00    5.3e-02    8.3e-02    2.2e-02
! 400     2.890e+02   -0.001    1.0e+00|1.0e+00    4.8e-02    8.3e-02    2.3e-02
! 200     3.011e+02    0.000    1.0e+00|1.0e+00    8.9e-02    1.4e-01    3.3e-02
! 400     2.901e+02    0.000    1.0e+00|1.0e+00    2.2e-02    4.0e-02    1.2e-02
*  97     2.893e+02   -0.001    1       379
!   0     1.016e+03 1119.922    1.0e+00|1.0e+00    9.7e-01    2.8e+01    1.4e+01
! 500     2.887e+02   -0.001    1.0e+00|1.0e+00    8.0e-02    1.3e-01    3.7e-02
! 300     2.996e+02    0.004    1.0e+00|1.0e+00    1.2e-01    2.2e-01    4.5e-02
! 500     2.900e+02    0.000    1.0e+00|1.0e+00    3.9e-02    6.7e-02    1.2e-02
! 100     3.034e+02   -0.014    1.0e+00|1.0e+00    9.6e-02    3.4e-01    4.6e-02
*  95     2.884e+02   -0.003    1       569
*  96     2.900e+02   -0.000    1       545
!   0     1.020e+03 1078.708    1.0e+00|1.0e+00    9.6e-01    2.7e+01    1.4e+01
! 400     2.988e+02   -0.003    1.0e+00|1.0e+00    4.2e-02    8.5e-02    4.8e-02
! 200     2.997e+02   -0.003    1.0e+00|1.0e+00    1.2e-01    2.8e-01    5.4e-02
! 100     3.020e+02   -0.003    1.0e+00|1.0e+00    1.0e-01    2.7e-01    4.0e-02
! 500     2.981e+02    0.001    1.0e+00|1.0e+00    8.5e-02    1.2e-01    6.2e-02
! 300     2.940e+02   -0.001    1.0e+00|1.0e+00    1.1e-01    1.9e-01    1.1e-01
! 200     3.001e+02   -0.000    1.0e+00|1.0e+00    1.1e-01    2.0e-01    3.3e-02
! 600     2.974e+02   -0.004    1.0e+00|1.0e+00    6.9e-02    1.0e-01    7.0e-02
! 400     2.896e+02   -0.003    1.0e+00|1.0e+00    1.3e-01    1.7e-01    5.9e-02
! 300     2.992e+02   -0.000    1.0e+00|1.0e+00    8.3e-02    1.1e-01    4.3e-02
! 700     2.947e+02    0.005    1.0e+00|1.0e+00    1.1e-01    1.7e-01    9.4e-02
! 500     2.886e+02    0.003    1.0e+00|1.0e+00    9.0e-02    1.3e-01    3.7e-02
! 400     2.985e+02    0.001    1.0e+00|1.0e+00    2.8e-02    8.1e-02    4.8e-02
! 800     2.917e+02   -0.000    1.0e+00|1.0e+00    1.2e-01    2.1e-01    1.2e-01
*  99     2.884e+02   -0.000    1       569
! 500     2.978e+02   -0.001    1.0e+00|1.0e+00    3.7e-02    7.7e-02    5.7e-02
! 900     2.906e+02   -0.008    1.0e+00|1.0e+00    1.1e-01    1.4e-01    4.9e-02
! 600     2.971e+02    0.001    1.0e+00|1.0e+00    5.6e-02    9.5e-02    7.6e-02
*  98     2.903e+02    0.001    0       999
! 700     2.949e+02   -0.000    1.0e+00|1.0e+00    1.4e-01    2.8e-01    9.6e-02
! 800     2.908e+02   -0.000    1.0e+00|1.0e+00    3.8e-02    7.2e-02    1.2e-01
! 900     2.900e+02   -0.001    1.0e+00|1.0e+00    4.3e-02    5.9e-02    4.9e-02
* 100     2.895e+02   -0.000    0       999

Total number of runs					:	   100
Best solution ID 					:	    50
Total number of converged (also feasible) solutions	:	    91
Total number of subproblems (function evaluations)	:	 58468
Total number of subproblems in runs which converged	:	 49857
Total number of times the best solution was found	:	     1
Probability of having found the optimum			:	~ 0.15

