
Bayesian global optimization 100 runs with 4 in parallel... 

!   0     1.055e+03 1067.042    2.0e-01|4.0e-01    2.0e-01    1.6e+01    1.9e+01
!   0     1.015e+03 1133.089    2.0e-01|4.0e-01    2.0e-01    1.6e+01    1.3e+01
!   0     9.827e+02 1079.592    2.0e-01|4.0e-01    2.0e-01    1.6e+01    1.2e+01
!   0     1.021e+03 1089.576    2.0e-01|4.0e-01    2.0e-01    1.6e+01    1.5e+01
! 100     3.019e+02    0.015    2.0e-01|4.0e-01    7.9e-02    3.2e-01    4.1e-02
! 100     2.916e+02    0.000    2.0e-01|4.0e-01    4.2e-02    1.4e-01    3.9e-02
! 100     3.047e+02    0.000    2.0e-01|4.0e-01    1.5e-01    7.0e-01    5.9e-02
! 100     3.031e+02   -0.002    2.0e-01|4.0e-01    8.5e-02    2.1e-01    5.2e-02
! 200     2.911e+02    0.002    2.0e-01|4.0e-01    3.7e-02    7.5e-02    1.8e-02
! 200     3.001e+02    0.000    2.0e-01|4.0e-01    1.0e-01    1.4e-01    3.7e-02
! 200     3.002e+02   -0.008    2.0e-01|4.0e-01    1.1e-01    2.6e-01    5.4e-02
! 200     3.018e+02   -0.000    2.0e-01|4.0e-01    7.7e-02    1.1e-01    2.4e-02
! 300     2.996e+02    0.002    2.0e-01|4.0e-01    6.8e-02    1.1e-01    2.5e-02
! 300     2.909e+02    0.000    2.0e-01|4.0e-01    4.9e-02    7.6e-02    1.6e-02
! 300     2.987e+02   -0.001    2.0e-01|4.0e-01    7.6e-02    1.5e-01    4.8e-02
! 300     3.015e+02    0.001    2.0e-01|4.0e-01    4.0e-02    8.1e-02    2.1e-02
*   3     2.908e+02    0.000    1       396
! 400     2.994e+02    0.000    2.0e-01|4.0e-01    2.9e-02    4.3e-02    2.7e-02
! 400     2.964e+02   -0.024    2.0e-01|4.0e-01    1.5e-01    3.8e-01    7.0e-02
! 400     3.013e+02    0.000    2.0e-01|4.0e-01    3.7e-02    4.6e-02    2.1e-02
!   0     1.080e+03 1093.693    2.0e-01|4.0e-01    2.0e-01    1.6e+01    3.5e+01
! 500     2.895e+02   -0.009    2.0e-01|4.0e-01    2.0e-01    2.7e-01    9.1e-02
! 500     2.992e+02   -0.001    2.0e-01|4.0e-01    2.9e-02    4.2e-02    2.6e-02
! 100     3.041e+02   -0.010    2.0e-01|4.0e-01    5.5e-02    1.8e-01    3.9e-02
! 500     3.012e+02    0.001    2.0e-01|4.0e-01    2.0e-02    4.1e-02    2.3e-02
*   2     2.990e+02   -0.001    1       577
!   0     1.050e+03 1077.834    2.0e-01|4.0e-01    2.0e-01    1.6e+01    1.5e+01
! 600     3.011e+02    0.000    2.0e-01|4.0e-01    4.2e-02    5.0e-02    2.1e-02
! 600     2.882e+02    0.001    2.0e-01|4.0e-01    6.8e-02    8.3e-02    4.4e-02
! 200     3.023e+02    0.000    2.0e-01|4.0e-01    3.1e-02    9.3e-02    2.8e-02
! 100     2.994e+02   -0.015    2.0e-01|4.0e-01    1.1e-01    4.5e-01    4.8e-02
! 300     3.018e+02    0.003    2.0e-01|4.0e-01    7.7e-02    1.5e-01    3.1e-02
! 700     3.010e+02    0.000    2.0e-01|4.0e-01    3.2e-02    4.4e-02    2.1e-02
! 700     2.879e+02   -0.000    2.0e-01|4.0e-01    2.2e-02    3.4e-02    6.6e-02
*   1     2.877e+02   -0.003    1       766
! 200     2.911e+02    0.010    2.0e-01|4.0e-01    2.0e-01    3.6e-01    6.2e-02
! 400     3.002e+02    0.001    2.0e-01|4.0e-01    4.4e-02    9.9e-02    3.4e-02
!   0     1.030e+03 1082.554    2.0e-01|4.0e-01    2.0e-01    1.6e+01    1.8e+01
! 800     3.010e+02    0.000    2.0e-01|4.0e-01    2.4e-02    3.2e-02    1.8e-02
! 300     2.903e+02    0.002    2.0e-01|4.0e-01    4.2e-02    5.6e-02    3.5e-02
! 500     2.999e+02    0.001    2.0e-01|4.0e-01    5.4e-02    7.0e-02    2.4e-02
! 100     3.000e+02    0.006    2.0e-01|4.0e-01    7.3e-02    2.8e-01    4.6e-02
! 900     3.009e+02    0.001    2.0e-01|4.0e-01    2.1e-02    3.0e-02    1.9e-02
*   5     2.998e+02    0.001    1       553
*   4     3.009e+02    0.001    1       950
!   0     1.121e+03 1080.347    2.0e-01|4.0e-01    2.0e-01    1.6e+01    3.9e+01
! 400     2.901e+02    0.001    2.0e-01|4.0e-01    5.2e-02    8.7e-02    2.1e-02
!   0     1.078e+03 1092.923    2.0e-01|4.0e-01    2.0e-01    1.6e+01    1.9e+01
! 200     2.988e+02   -0.004    2.0e-01|4.0e-01    2.0e-02    7.4e-02    2.8e-02
*   6     2.900e+02    0.000    1       424
!   0     1.045e+03 1081.636    2.0e-01|4.0e-01    2.0e-01    1.6e+01    1.9e+01
! 100     2.926e+02    0.021    2.0e-01|4.0e-01    1.3e-01    4.6e-01    5.5e-02
! 100     2.919e+02    0.004    2.0e-01|4.0e-01    6.4e-02    1.6e-01    3.6e-02
! 300     2.983e+02   -0.001    2.0e-01|4.0e-01    2.0e-02    6.3e-02    2.5e-02
! 100     3.101e+02   -0.004    2.0e-01|4.0e-01    6.5e-02    1.6e-01    4.0e-02
! 200     2.898e+02    0.000    2.0e-01|4.0e-01    3.9e-02    1.5e-01    5.0e-02
! 200     2.915e+02    0.000    2.0e-01|4.0e-01    2.8e-02    7.3e-02    2.0e-02
! 400     2.980e+02   -0.001    2.0e-01|4.0e-01    1.0e-01    1.1e-01    2.7e-02
! 200     3.094e+02   -0.003    2.0e-01|4.0e-01    3.5e-02    7.9e-02    2.5e-02
! 300     2.894e+02    0.003    2.0e-01|4.0e-01    1.6e-02    4.2e-02    1.9e-02
! 300     2.913e+02    0.000    2.0e-01|4.0e-01    3.7e-02    7.2e-02    1.5e-02
! 500     2.978e+02   -0.001    2.0e-01|4.0e-01    9.0e-02    1.1e-01    3.1e-02
! 300     3.090e+02   -0.001    2.0e-01|4.0e-01    2.3e-02    5.2e-02    2.3e-02
! 400     2.894e+02   -0.000    2.0e-01|4.0e-01    1.8e-02    4.3e-02    1.6e-02
*   7     2.977e+02   -0.002    1       570
! 400     2.912e+02    0.000    2.0e-01|4.0e-01    2.5e-02    4.7e-02    1.3e-02
!   0     9.974e+02 1078.674    2.0e-01|4.0e-01    2.0e-01    1.6e+01    1.8e+01
! 400     3.088e+02   -0.001    2.0e-01|4.0e-01    4.6e-02    6.2e-02    2.7e-02
! 500     2.893e+02    0.000    2.0e-01|4.0e-01    3.8e-02    5.1e-02    1.7e-02
! 500     2.911e+02    0.000    2.0e-01|4.0e-01    2.2e-02    3.1e-02    1.3e-02
*   9     2.911e+02    0.000    1       502
! 100     3.046e+02   -0.001    2.0e-01|4.0e-01    8.2e-02    2.2e-01    4.1e-02
!   0     1.118e+03 1052.615    2.0e-01|4.0e-01    2.0e-01    1.6e+01    2.5e+01
*  10     3.087e+02   -0.001    1       467
!   0     1.081e+03 1088.975    2.0e-01|4.0e-01    2.0e-01    1.6e+01    4.5e+01
! 600     2.892e+02   -0.000    2.0e-01|4.0e-01    2.0e-02    3.5e-02    1.9e-02
! 200     3.016e+02    0.006    2.0e-01|4.0e-01    1.7e-01    2.9e-01    9.0e-02
! 100     3.091e+02   -0.008    2.0e-01|4.0e-01    7.0e-02    2.1e-01    4.4e-02
! 100     3.066e+02   -0.013    2.0e-01|4.0e-01    8.5e-02    2.8e-01    4.1e-02
! 700     2.891e+02   -0.000    2.0e-01|4.0e-01    3.5e-02    5.3e-02    1.3e-02
*   8     2.891e+02   -0.001    1       712
!   0     1.027e+03 1066.145    2.0e-01|4.0e-01    2.0e-01    1.6e+01    2.3e+01
! 300     3.006e+02   -0.000    2.0e-01|4.0e-01    6.4e-02    1.1e-01    3.2e-02
! 200     3.081e+02   -0.008    2.0e-01|4.0e-01    5.3e-02    1.1e-01    4.5e-02
! 200     3.048e+02   -0.005    2.0e-01|4.0e-01    1.0e-01    1.5e-01    3.9e-02
! 100     3.021e+02    0.004    2.0e-01|4.0e-01    1.3e-01    2.8e-01    6.7e-02
! 400     3.002e+02    0.000    2.0e-01|4.0e-01    7.3e-02    8.9e-02    3.2e-02
! 300     3.075e+02   -0.001    2.0e-01|4.0e-01    3.6e-02    7.5e-02    2.9e-02
! 300     3.038e+02    0.000    2.0e-01|4.0e-01    7.8e-02    1.6e-01    3.5e-02
! 500     3.000e+02    0.000    2.0e-01|4.0e-01    8.0e-02    8.9e-02    2.9e-02
! 200     3.002e+02    0.001    2.0e-01|4.0e-01    3.8e-02    8.9e-02    3.1e-02
! 400     3.073e+02   -0.002    2.0e-01|4.0e-01    5.7e-02    8.6e-02    2.1e-02
! 400     3.025e+02   -0.001    2.0e-01|4.0e-01    5.6e-02    1.3e-01    5.4e-02
*  11     2.998e+02   -0.001    1       565
!   0     1.077e+03 1062.154    2.0e-01|4.0e-01    2.0e-01    1.6e+01    1.5e+01
! 300     2.998e+02   -0.001    2.0e-01|4.0e-01    1.5e-02    4.5e-02    3.1e-02
! 500     3.071e+02   -0.003    2.0e-01|4.0e-01    4.2e-02    8.3e-02    1.9e-02
*  12     3.070e+02   -0.005    1       524
! 500     3.016e+02   -0.003    2.0e-01|4.0e-01    4.3e-02    8.3e-02    7.2e-02
!   0     1.037e+03 1095.217    2.0e-01|4.0e-01    2.0e-01    1.6e+01    2.0e+01
! 100     3.002e+02   -0.010    2.0e-01|4.0e-01    1.1e-01    2.8e-01    4.0e-02
! 400     2.995e+02   -0.001    2.0e-01|4.0e-01    6.3e-02    1.1e-01    2.6e-02
! 600     2.980e+02    0.001    2.0e-01|4.0e-01    6.1e-02    1.2e-01    9.5e-02
! 100     3.015e+02   -0.005    2.0e-01|4.0e-01    1.1e-01    3.9e-01    4.4e-02
! 200     2.979e+02   -0.000    2.0e-01|4.0e-01    1.4e-01    1.6e-01    3.1e-02
! 500     2.993e+02    0.000    2.0e-01|4.0e-01    4.2e-02    6.1e-02    2.3e-02
*  14     2.993e+02    0.000    1       512
!   0     1.071e+03 1078.010    2.0e-01|4.0e-01    2.0e-01    1.6e+01    1.9e+01
! 700     2.969e+02    0.001    2.0e-01|4.0e-01    3.6e-02    7.6e-02    9.3e-02
! 200     2.977e+02   -0.002    2.0e-01|4.0e-01    5.5e-02    1.6e-01    5.7e-02
! 300     2.973e+02   -0.000    2.0e-01|4.0e-01    4.8e-02    8.5e-02    2.7e-02
! 100     3.054e+02   -0.011    2.0e-01|4.0e-01    6.1e-02    2.0e-01    3.8e-02
! 800     2.957e+02   -0.002    2.0e-01|4.0e-01    1.2e-01    1.8e-01    7.5e-02
! 300     2.920e+02    0.007    2.0e-01|4.0e-01    1.2e-01    5.1e-01    1.0e-01
! 400     2.971e+02   -0.000    2.0e-01|4.0e-01    5.7e-02    7.6e-02    3.3e-02
! 200     3.044e+02   -0.003    2.0e-01|4.0e-01    5.6e-02    9.1e-02    2.5e-02
! 900     2.933e+02   -0.001    2.0e-01|4.0e-01    6.0e-02    1.2e-01    9.2e-02
! 400     2.898e+02    0.000    2.0e-01|4.0e-01    1.3e-01    1.8e-01    3.9e-02
! 500     2.967e+02    0.000    2.0e-01|4.0e-01    5.3e-02    9.1e-02    3.2e-02
! 300     3.040e+02   -0.000    2.0e-01|4.0e-01    7.4e-02    9.6e-02    2.3e-02
*  13     2.921e+02   -0.002    0       999
! 500     2.896e+02    0.000    2.0e-01|4.0e-01    2.0e-02    3.6e-02    2.2e-02
!   0     1.065e+03 1096.916    2.0e-01|4.0e-01    2.0e-01    1.6e+01    1.7e+01
! 600     2.964e+02   -0.000    2.0e-01|4.0e-01    2.0e-02    4.1e-02    3.2e-02
*  16     2.895e+02    0.000    1       547
! 400     3.037e+02    0.001    2.0e-01|4.0e-01    2.0e-02    5.8e-02    2.5e-02
!   0     1.067e+03 1081.470    2.0e-01|4.0e-01    2.0e-01    1.6e+01    1.5e+01
*  15     2.963e+02   -0.001    1       690
! 100     3.130e+02   -0.008    2.0e-01|4.0e-01    9.8e-02    2.1e-01    4.1e-02
!   0     1.126e+03 1060.861    2.0e-01|4.0e-01    2.0e-01    1.6e+01    4.3e+01
! 500     3.034e+02    0.003    2.0e-01|4.0e-01    3.4e-02    1.1e-01    2.7e-02
! 100     2.893e+02    0.032    2.0e-01|4.0e-01    8.1e-02    2.1e-01    3.5e-02
! 200     3.120e+02   -0.000    2.0e-01|4.0e-01    8.1e-02    1.3e-01    3.3e-02
! 100     2.909e+02    0.010    2.0e-01|4.0e-01    1.2e-01    3.9e-01    5.1e-02
! 600     3.030e+02   -0.002    2.0e-01|4.0e-01    3.4e-02    6.9e-02    3.0e-02
! 200     2.888e+02   -0.001    2.0e-01|4.0e-01    4.0e-02    6.9e-02    2.2e-02
! 300     3.114e+02   -0.000    2.0e-01|4.0e-01    5.4e-02    9.8e-02    4.2e-02
! 200     2.897e+02    0.001    2.0e-01|4.0e-01    5.3e-02    9.4e-02    2.5e-02
! 700     3.027e+02   -0.002    2.0e-01|4.0e-01    2.8e-02    5.0e-02    2.3e-02
! 300     2.887e+02   -0.001    2.0e-01|4.0e-01    2.0e-02    5.8e-02    1.9e-02
! 400     3.109e+02   -0.000    2.0e-01|4.0e-01    6.7e-02    8.6e-02    3.4e-02
! 300     2.895e+02   -0.001    2.0e-01|4.0e-01    2.0e-02    5.2e-02    1.9e-02
! 800     3.027e+02    0.000    2.0e-01|4.0e-01    2.0e-02    4.6e-02    2.8e-02
*  17     3.026e+02   -0.001    1       824
! 400     2.884e+02   -0.005    2.0e-01|4.0e-01    5.0e-02    8.0e-02    2.4e-02
!   0     1.090e+03 1084.359    2.0e-01|4.0e-01    2.0e-01    1.6e+01    3.3e+01
! 500     3.106e+02   -0.000    2.0e-01|4.0e-01    1.5e-02    4.1e-02    4.0e-02
! 400     2.894e+02   -0.000    2.0e-01|4.0e-01    1.8e-02    2.8e-02    1.6e-02
*  20     2.894e+02   -0.000    1       449
! 500     2.882e+02   -0.001    2.0e-01|4.0e-01    1.7e-02    2.7e-02    1.6e-02
! 100     2.969e+02   -0.006    2.0e-01|4.0e-01    1.3e-01    3.8e-01    4.1e-02
! 600     3.104e+02    0.001    2.0e-01|4.0e-01    7.9e-02    9.3e-02    5.0e-02
!   0     1.126e+03 1026.068    2.0e-01|4.0e-01    2.0e-01    1.6e+01    3.4e+01
*  19     2.882e+02   -0.001    1       524
!   0     1.064e+03 1085.582    2.0e-01|4.0e-01    2.0e-01    1.6e+01    1.7e+01
! 200     2.955e+02    0.000    2.0e-01|4.0e-01    5.7e-02    1.4e-01    2.5e-02
! 700     3.099e+02    0.004    2.0e-01|4.0e-01    4.1e-02    1.2e-01    3.3e-02
! 100     2.992e+02   -0.007    2.0e-01|4.0e-01    1.2e-01    2.6e-01    4.8e-02
! 100     3.123e+02   -0.007    2.0e-01|4.0e-01    1.6e-01    3.4e-01    5.3e-02
! 300     2.951e+02    0.001    2.0e-01|4.0e-01    4.1e-02    8.6e-02    2.5e-02
! 800     3.094e+02    0.001    2.0e-01|4.0e-01    6.2e-02    9.2e-02    7.1e-02
! 200     2.977e+02   -0.002    2.0e-01|4.0e-01    5.5e-02    1.3e-01    3.7e-02
! 200     3.083e+02   -0.041    2.0e-01|4.0e-01    1.3e-01    6.8e-01    1.0e-01
! 400     2.948e+02    0.000    2.0e-01|4.0e-01    2.6e-02    5.8e-02    2.2e-02
! 900     3.089e+02   -0.001    2.0e-01|4.0e-01    6.0e-02    1.0e-01    3.3e-02
! 300     2.968e+02    0.001    2.0e-01|4.0e-01    8.7e-02    1.2e-01    4.6e-02
! 300     3.011e+02    0.004    2.0e-01|4.0e-01    1.3e-01    2.0e-01    9.1e-02
! 500     2.945e+02    0.001    2.0e-01|4.0e-01    6.6e-02    9.3e-02    2.4e-02
*  18     3.082e+02   -0.005    0       999
! 400     2.960e+02   -0.002    2.0e-01|4.0e-01    4.9e-02    1.1e-01    4.7e-02
!   0     1.040e+03 1079.578    2.0e-01|4.0e-01    2.0e-01    1.6e+01    2.3e+01
! 400     3.002e+02   -0.002    2.0e-01|4.0e-01    5.7e-02    8.1e-02    5.5e-02
! 600     2.943e+02    0.000    2.0e-01|4.0e-01    2.8e-02    5.5e-02    2.3e-02
! 500     2.952e+02   -0.005    2.0e-01|4.0e-01    6.5e-02    1.3e-01    7.0e-02
! 500     2.997e+02    0.000    2.0e-01|4.0e-01    1.0e-01    1.2e-01    3.3e-02
! 100     3.002e+02    0.005    2.0e-01|4.0e-01    6.0e-02    2.4e-01    3.8e-02
*  23     2.997e+02   -0.000    1       511
!   0     1.031e+03 1081.450    2.0e-01|4.0e-01    2.0e-01    1.6e+01    1.4e+01
! 700     2.941e+02    0.000    2.0e-01|4.0e-01    4.5e-02    7.6e-02    2.6e-02
! 600     2.896e+02    0.010    2.0e-01|4.0e-01    1.7e-01    2.7e-01    9.3e-02
*  21     2.940e+02    0.000    1       739
! 200     2.989e+02   -0.000    2.0e-01|4.0e-01    3.6e-02    6.0e-02    2.4e-02
!   0     1.075e+03 1126.846    2.0e-01|4.0e-01    2.0e-01    1.6e+01    2.2e+01
! 100     3.026e+02    0.001    2.0e-01|4.0e-01    8.4e-02    2.3e-01    3.7e-02
! 700     2.882e+02    0.004    2.0e-01|4.0e-01    9.5e-02    1.1e-01    5.4e-02
! 300     2.986e+02   -0.001    2.0e-01|4.0e-01    5.7e-02    7.6e-02    2.1e-02
! 100     3.038e+02   -0.006    2.0e-01|4.0e-01    1.1e-01    4.1e-01    5.4e-02
! 200     3.006e+02    0.004    2.0e-01|4.0e-01    5.7e-02    1.7e-01    4.6e-02
*  22     2.880e+02   -0.002    1       779
! 400     2.984e+02   -0.002    2.0e-01|4.0e-01    1.5e-02    3.5e-02    2.4e-02
!   0     1.013e+03 1088.732    2.0e-01|4.0e-01    2.0e-01    1.6e+01    8.8e+00
! 200     3.017e+02   -0.006    2.0e-01|4.0e-01    7.2e-02    1.4e-01    3.0e-02
! 300     2.993e+02   -0.002    2.0e-01|4.0e-01    5.6e-02    1.5e-01    5.8e-02
! 100     2.976e+02    0.005    2.0e-01|4.0e-01    1.0e-01    2.5e-01    4.0e-02
! 500     2.983e+02   -0.002    2.0e-01|4.0e-01    1.1e-02    3.0e-02    2.3e-02
! 300     3.009e+02    0.001    2.0e-01|4.0e-01    1.2e-01    1.5e-01    4.1e-02
! 400     2.920e+02   -0.002    2.0e-01|4.0e-01    1.8e-01    2.8e-01    5.9e-02
! 200     2.958e+02   -0.009    2.0e-01|4.0e-01    5.5e-02    1.5e-01    5.9e-02
! 600     2.982e+02   -0.000    2.0e-01|4.0e-01    8.3e-02    1.0e-01    2.3e-02
*  24     2.981e+02   -0.001    1       605
! 400     3.004e+02    0.002    2.0e-01|4.0e-01    7.7e-02    1.4e-01    3.8e-02
!   0     9.845e+02 1153.563    2.0e-01|4.0e-01    2.0e-01    1.6e+01    1.5e+01
! 500     2.914e+02    0.001    2.0e-01|4.0e-01    1.1e-01    1.5e-01    3.7e-02
! 300     2.906e+02    0.019    2.0e-01|4.0e-01    2.0e-01    4.1e-01    1.0e-01
! 500     3.000e+02    0.002    2.0e-01|4.0e-01    7.3e-02    9.5e-02    3.8e-02
! 100     3.008e+02   -0.007    2.0e-01|4.0e-01    1.1e-01    3.3e-01    5.7e-02
! 600     2.910e+02    0.001    2.0e-01|4.0e-01    4.3e-02    6.2e-02    3.1e-02
! 400     2.888e+02    0.003    2.0e-01|4.0e-01    1.9e-01    2.3e-01    8.3e-02
! 600     2.997e+02    0.000    2.0e-01|4.0e-01    3.7e-02    6.8e-02    4.0e-02
! 200     2.919e+02    0.002    2.0e-01|4.0e-01    4.6e-02    1.1e-01    4.7e-02
! 700     2.907e+02   -0.000    2.0e-01|4.0e-01    1.8e-02    3.0e-02    2.3e-02
*  27     2.882e+02   -0.000    1       470
!   0     1.080e+03 1056.623    2.0e-01|4.0e-01    2.0e-01    1.6e+01    2.6e+01
! 700     2.984e+02    0.003    2.0e-01|4.0e-01    3.8e-02    6.7e-02    4.0e-02
! 300     2.914e+02    0.001    2.0e-01|4.0e-01    3.4e-02    6.8e-02    3.3e-02
! 800     2.906e+02   -0.000    2.0e-01|4.0e-01    3.8e-02    4.9e-02    1.8e-02
! 100     3.052e+02   -0.003    2.0e-01|4.0e-01    8.7e-02    3.2e-01    7.2e-02
! 800     2.980e+02    0.002    2.0e-01|4.0e-01    2.2e-02    4.9e-02    4.1e-02
! 400     2.911e+02    0.000    2.0e-01|4.0e-01    6.5e-02    7.8e-02    2.4e-02
! 900     2.905e+02   -0.000    2.0e-01|4.0e-01    5.2e-02    7.1e-02    1.8e-02
! 200     3.038e+02   -0.000    2.0e-01|4.0e-01    4.9e-02    1.1e-01    2.3e-02
! 900     2.978e+02    0.000    2.0e-01|4.0e-01    6.9e-02    8.1e-02    3.8e-02
*  25     2.904e+02   -0.000    0       999
! 500     2.909e+02   -0.000    2.0e-01|4.0e-01    2.6e-02    3.5e-02    2.2e-02
!   0     1.085e+03 1082.874    2.0e-01|4.0e-01    2.0e-01    1.6e+01    1.6e+01
! 300     3.030e+02   -0.001    2.0e-01|4.0e-01    4.9e-02    1.4e-01    2.1e-02
*  28     2.908e+02   -0.000    1       562
/usr/lib/python3/dist-packages/joblib/externals/loky/process_executor.py:703: UserWarning: A worker stopped while some jobs were given to the executor. This can be caused by a too short worker timeout or by a memory leak.
  warnings.warn(
*  26     2.977e+02   -0.000    0       999
*  29     3.028e+02   -0.005    1       351
!   0     1.095e+03 1088.840    2.0e-01|4.0e-01    2.0e-01    1.6e+01    1.6e+01
!   0     1.036e+03 1084.484    2.0e-01|4.0e-01    2.0e-01    1.6e+01    1.0e+01
!   0     1.104e+03 1055.444    2.0e-01|4.0e-01    2.0e-01    1.6e+01    2.3e+01
! 100     3.026e+02   -0.001    2.0e-01|4.0e-01    4.5e-02    1.9e-01    4.2e-02
! 100     3.025e+02    0.024    2.0e-01|4.0e-01    1.1e-01    4.5e-01    5.5e-02
! 100     2.950e+02    0.023    2.0e-01|4.0e-01    8.6e-02    2.3e-01    5.5e-02
! 100     3.016e+02    0.001    2.0e-01|4.0e-01    6.3e-02    2.0e-01    3.7e-02
! 200     3.012e+02   -0.001    2.0e-01|4.0e-01    4.1e-02    8.5e-02    2.7e-02
! 200     3.005e+02   -0.003    2.0e-01|4.0e-01    3.5e-02    8.7e-02    3.3e-02
! 200     2.944e+02    0.003    2.0e-01|4.0e-01    4.3e-02    7.6e-02    2.3e-02
! 200     3.003e+02   -0.000    2.0e-01|4.0e-01    6.7e-02    8.8e-02    2.8e-02
! 300     3.009e+02    0.001    2.0e-01|4.0e-01    4.2e-02    7.8e-02    2.3e-02
! 300     2.942e+02   -0.001    2.0e-01|4.0e-01    2.3e-02    4.5e-02    1.6e-02
! 300     2.998e+02    0.000    2.0e-01|4.0e-01    1.2e-01    1.9e-01    3.4e-02
! 300     3.000e+02   -0.000    2.0e-01|4.0e-01    4.3e-02    7.2e-02    2.5e-02
! 400     3.006e+02    0.000    2.0e-01|4.0e-01    3.7e-02    6.3e-02    2.2e-02
! 400     2.942e+02    0.001    2.0e-01|4.0e-01    2.2e-02    4.1e-02    1.3e-02
*  33     2.998e+02   -0.003    1       373
! 400     2.995e+02    0.001    2.0e-01|4.0e-01    4.1e-02    8.4e-02    3.9e-02
!   0     1.052e+03 1111.751    2.0e-01|4.0e-01    2.0e-01    1.6e+01    2.0e+01
! 500     3.005e+02    0.000    2.0e-01|4.0e-01    4.2e-02    6.7e-02    1.8e-02
! 500     2.941e+02    0.001    2.0e-01|4.0e-01    3.5e-02    5.2e-02    1.2e-02
! 600     3.004e+02   -0.000    2.0e-01|4.0e-01    1.6e-02    2.7e-02    1.7e-02
! 100     3.067e+02   -0.003    2.0e-01|4.0e-01    9.8e-02    2.9e-01    5.9e-02
! 500     2.991e+02   -0.002    2.0e-01|4.0e-01    1.9e-02    5.2e-02    3.7e-02
*  30     3.004e+02    0.000    1       638
*  32     2.941e+02    0.001    1       572
!   0     1.122e+03 1055.822    2.0e-01|4.0e-01    2.0e-01    1.6e+01    4.1e+01
!   0     1.006e+03 1120.764    2.0e-01|4.0e-01    2.0e-01    1.6e+01    1.6e+01
! 200     3.050e+02    0.001    2.0e-01|4.0e-01    1.0e-01    1.9e-01    2.7e-02
! 600     2.987e+02   -0.001    2.0e-01|4.0e-01    2.5e-02    4.9e-02    4.7e-02
! 100     3.024e+02    0.015    2.0e-01|4.0e-01    1.3e-01    5.1e-01    4.6e-02
! 100     3.009e+02   -0.003    2.0e-01|4.0e-01    4.5e-02    2.1e-01    5.2e-02
! 300     3.044e+02    0.001    2.0e-01|4.0e-01    9.5e-02    1.7e-01    2.7e-02
! 700     2.985e+02    0.000    2.0e-01|4.0e-01    6.3e-02    7.1e-02    5.0e-02
! 200     2.986e+02   -0.005    2.0e-01|4.0e-01    8.1e-02    1.8e-01    7.0e-02
! 200     2.988e+02   -0.009    2.0e-01|4.0e-01    5.3e-02    1.0e-01    3.2e-02
! 400     3.040e+02   -0.002    2.0e-01|4.0e-01    3.4e-02    6.5e-02    2.7e-02
! 800     2.982e+02    0.000    2.0e-01|4.0e-01    1.3e-01    1.3e-01    4.3e-02
! 300     2.917e+02    0.019    2.0e-01|4.0e-01    1.3e-01    2.9e-01    1.1e-01
! 300     2.984e+02    0.001    2.0e-01|4.0e-01    5.0e-02    9.1e-02    2.4e-02
! 500     3.037e+02   -0.001    2.0e-01|4.0e-01    5.7e-02    6.9e-02    2.8e-02
! 900     2.980e+02   -0.000    2.0e-01|4.0e-01    1.8e-02    2.9e-02    4.9e-02
*  31     2.979e+02   -0.001    1       934
!   0     1.179e+03 1090.671    2.0e-01|4.0e-01    2.0e-01    1.6e+01    7.9e+01
! 400     2.901e+02   -0.000    2.0e-01|4.0e-01    5.9e-02    1.1e-01    5.5e-02
! 400     2.982e+02    0.001    2.0e-01|4.0e-01    5.4e-02    8.6e-02    2.9e-02
! 600     3.032e+02    0.004    2.0e-01|4.0e-01    5.2e-02    1.1e-01    3.5e-02
! 500     2.896e+02    0.001    2.0e-01|4.0e-01    5.0e-02    5.6e-02    2.5e-02
! 100     3.009e+02   -0.004    2.0e-01|4.0e-01    1.0e-01    3.0e-01    4.0e-02
! 500     2.979e+02   -0.000    2.0e-01|4.0e-01    6.8e-02    1.1e-01    3.4e-02
*  36     2.896e+02    0.000    1       515
! 700     3.029e+02   -0.002    2.0e-01|4.0e-01    1.4e-02    3.2e-02    3.4e-02
!   0     1.055e+03 1038.878    2.0e-01|4.0e-01    2.0e-01    1.6e+01    1.2e+01
! 200     2.997e+02   -0.002    2.0e-01|4.0e-01    3.0e-02    7.0e-02    2.6e-02
! 600     2.976e+02   -0.001    2.0e-01|4.0e-01    4.2e-02    7.7e-02    1.8e-02
! 800     3.027e+02   -0.002    2.0e-01|4.0e-01    4.5e-02    5.6e-02    3.6e-02
! 100     2.988e+02    0.009    2.0e-01|4.0e-01    9.6e-02    2.7e-01    4.1e-02
*  35     2.975e+02   -0.002    1       682
! 300     2.992e+02   -0.004    2.0e-01|4.0e-01    4.8e-02    7.0e-02    3.1e-02
! 900     3.024e+02   -0.003    2.0e-01|4.0e-01    2.7e-02    4.8e-02    2.9e-02
!   0     1.014e+03 1089.575    2.0e-01|4.0e-01    2.0e-01    1.6e+01    1.8e+01
*  34     3.023e+02   -0.005    1       917
! 200     2.976e+02    0.000    2.0e-01|4.0e-01    5.8e-02    1.1e-01    2.5e-02
!   0     1.058e+03 1067.184    2.0e-01|4.0e-01    2.0e-01    1.6e+01    1.2e+01
! 400     2.989e+02   -0.001    2.0e-01|4.0e-01    6.0e-02    7.8e-02    2.6e-02
! 100     3.053e+02   -0.004    2.0e-01|4.0e-01    8.8e-02    2.5e-01    5.0e-02
! 300     2.974e+02   -0.000    2.0e-01|4.0e-01    2.2e-02    4.0e-02    2.1e-02
! 100     3.021e+02    0.003    2.0e-01|4.0e-01    1.0e-01    2.8e-01    3.8e-02
! 500     2.987e+02   -0.002    2.0e-01|4.0e-01    1.5e-02    3.7e-02    2.7e-02
! 200     3.029e+02   -0.005    2.0e-01|4.0e-01    6.3e-02    1.2e-01    3.6e-02
! 400     2.971e+02    0.000    2.0e-01|4.0e-01    4.3e-02    5.6e-02    2.1e-02
! 200     2.984e+02   -0.000    2.0e-01|4.0e-01    7.6e-02    1.3e-01    4.0e-02
*  38     2.971e+02   -0.000    1       448
! 600     2.985e+02   -0.001    2.0e-01|4.0e-01    7.8e-02    9.8e-02    3.0e-02
! 300     3.024e+02   -0.004    2.0e-01|4.0e-01    5.9e-02    8.9e-02    3.0e-02
!   0     1.043e+03 1131.426    2.0e-01|4.0e-01    2.0e-01    1.6e+01    2.3e+01
! 300     2.975e+02    0.000    2.0e-01|4.0e-01    1.2e-01    1.6e-01    3.4e-02
! 700     2.983e+02   -0.000    2.0e-01|4.0e-01    4.1e-02    4.9e-02    3.3e-02
! 400     3.020e+02    0.000    2.0e-01|4.0e-01    8.2e-02    1.0e-01    3.1e-02
! 100     3.018e+02   -0.010    2.0e-01|4.0e-01    8.6e-02    2.9e-01    5.3e-02
! 400     2.967e+02   -0.004    2.0e-01|4.0e-01    1.4e-01    1.9e-01    5.5e-02
*  37     2.982e+02   -0.001    1       758
!   0     1.106e+03 1046.958    2.0e-01|4.0e-01    2.0e-01    1.6e+01    2.7e+01
! 500     3.016e+02   -0.003    2.0e-01|4.0e-01    4.1e-02    6.0e-02    4.0e-02
! 200     3.004e+02   -0.005    2.0e-01|4.0e-01    2.8e-02    8.3e-02    2.6e-02
! 500     2.911e+02    0.003    2.0e-01|4.0e-01    6.6e-02    1.8e-01    7.2e-02
! 100     2.923e+02    0.019    2.0e-01|4.0e-01    1.2e-01    4.9e-01    5.5e-02
! 600     3.013e+02   -0.002    2.0e-01|4.0e-01    7.6e-02    8.6e-02    3.4e-02
! 300     2.998e+02   -0.007    2.0e-01|4.0e-01    8.1e-02    1.1e-01    2.5e-02
! 600     2.897e+02    0.002    2.0e-01|4.0e-01    5.3e-02    8.5e-02    6.9e-02
*  39     3.012e+02   -0.003    1       663
! 200     2.889e+02    0.007    2.0e-01|4.0e-01    7.6e-02    1.4e-01    2.7e-02
!   0     1.018e+03 1089.764    2.0e-01|4.0e-01    2.0e-01    1.6e+01    9.2e+00
! 400     2.995e+02   -0.001    2.0e-01|4.0e-01    4.1e-02    6.7e-02    2.8e-02
! 700     2.890e+02   -0.001    2.0e-01|4.0e-01    2.5e-02    4.4e-02    4.4e-02
! 100     3.103e+02   -0.010    2.0e-01|4.0e-01    1.2e-01    2.8e-01    4.7e-02
! 300     2.887e+02   -0.000    2.0e-01|4.0e-01    2.8e-02    4.7e-02    1.4e-02
! 500     2.993e+02   -0.001    2.0e-01|4.0e-01    4.2e-02    6.4e-02    2.4e-02
! 800     2.887e+02   -0.000    2.0e-01|4.0e-01    1.9e-02    4.6e-02    3.0e-02
! 200     3.031e+02    0.033    2.0e-01|4.0e-01    8.4e-02    3.3e-01    1.0e-01
! 400     2.886e+02   -0.001    2.0e-01|4.0e-01    5.0e-02    7.6e-02    2.1e-02
*  40     2.885e+02   -0.001    1       873
! 600     2.991e+02   -0.002    2.0e-01|4.0e-01    3.4e-02    4.8e-02    2.8e-02
!   0     1.077e+03 1100.021    2.0e-01|4.0e-01    2.0e-01    1.6e+01    2.2e+01
! 300     2.986e+02    0.001    2.0e-01|4.0e-01    6.7e-02    1.0e-01    4.0e-02
! 500     2.883e+02   -0.003    2.0e-01|4.0e-01    6.4e-02    9.5e-02    1.8e-02
! 700     2.989e+02   -0.003    2.0e-01|4.0e-01    3.2e-02    4.1e-02    2.9e-02
! 100     2.987e+02   -0.016    2.0e-01|4.0e-01    1.1e-01    3.3e-01    4.5e-02
*  41     2.989e+02   -0.003    1       707
!   0     1.127e+03 1056.337    2.0e-01|4.0e-01    2.0e-01    1.6e+01    2.4e+01
! 400     2.984e+02   -0.000    2.0e-01|4.0e-01    5.1e-02    6.4e-02    2.3e-02
! 600     2.882e+02   -0.000    2.0e-01|4.0e-01    5.2e-02    6.2e-02    1.5e-02
*  42     2.881e+02   -0.001    1       616
*  43     2.984e+02   -0.000    1       438
!   0     1.056e+03 1122.314    2.0e-01|4.0e-01    2.0e-01    1.6e+01    2.3e+01
!   0     1.025e+03 1105.317    2.0e-01|4.0e-01    2.0e-01    1.6e+01    2.2e+01
! 200     2.935e+02   -0.033    2.0e-01|4.0e-01    2.0e-01    4.3e-01    1.1e-01
! 100     2.948e+02    0.041    2.0e-01|4.0e-01    2.0e-01    5.9e-01    8.8e-02
! 100     3.021e+02   -0.008    2.0e-01|4.0e-01    4.7e-02    2.0e-01    4.1e-02
! 100     3.002e+02    0.008    2.0e-01|4.0e-01    7.3e-02    2.4e-01    4.0e-02
! 300     2.895e+02   -0.013    2.0e-01|4.0e-01    1.4e-01    2.7e-01    5.5e-02
! 200     2.911e+02    0.001    2.0e-01|4.0e-01    6.7e-02    1.1e-01    2.2e-02
! 200     3.008e+02   -0.001    2.0e-01|4.0e-01    1.9e-02    5.9e-02    2.3e-02
! 200     2.964e+02    0.001    2.0e-01|4.0e-01    9.3e-02    1.6e-01    3.1e-02
! 400     2.889e+02    0.005    2.0e-01|4.0e-01    6.5e-02    1.4e-01    2.2e-02
! 300     2.909e+02    0.001    2.0e-01|4.0e-01    1.6e-02    4.8e-02    1.6e-02
*  46     3.006e+02   -0.001    1       286
! 300     2.953e+02   -0.004    2.0e-01|4.0e-01    1.7e-01    4.5e-01    5.4e-02
!   0     1.022e+03 1045.365    2.0e-01|4.0e-01    2.0e-01    1.6e+01    1.1e+01
! 500     2.887e+02   -0.000    2.0e-01|4.0e-01    4.3e-02    6.1e-02    2.1e-02
! 400     2.908e+02    0.000    2.0e-01|4.0e-01    2.7e-02    5.2e-02    1.3e-02
*  45     2.908e+02    0.000    1       437
*  44     2.886e+02   -0.001    1       557
!   0     1.076e+03 1045.499    2.0e-01|4.0e-01    2.0e-01    1.6e+01    1.5e+01
!   0     1.042e+03 1084.383    2.0e-01|4.0e-01    2.0e-01    1.6e+01    1.7e+01
! 100     2.932e+02    0.009    2.0e-01|4.0e-01    1.2e-01    4.7e-01    6.2e-02
! 400     2.913e+02    0.006    2.0e-01|4.0e-01    9.2e-02    1.6e-01    3.9e-02
! 200     2.915e+02    0.001    2.0e-01|4.0e-01    2.6e-02    8.6e-02    2.4e-02
! 100     3.010e+02   -0.002    2.0e-01|4.0e-01    5.2e-02    1.7e-01    4.3e-02
! 100     2.968e+02   -0.006    2.0e-01|4.0e-01    1.2e-01    2.5e-01    4.4e-02
! 500     2.909e+02    0.000    2.0e-01|4.0e-01    5.3e-02    6.4e-02    2.8e-02
*  47     2.908e+02    0.000    1       552
!   0     1.089e+03 1095.255    2.0e-01|4.0e-01    2.0e-01    1.6e+01    2.7e+01
! 200     2.992e+02   -0.001    2.0e-01|4.0e-01    8.1e-02    1.3e-01    3.5e-02
! 300     2.913e+02   -0.000    2.0e-01|4.0e-01    7.1e-02    9.1e-02    1.8e-02
! 200     2.959e+02   -0.000    2.0e-01|4.0e-01    6.7e-02    1.2e-01    2.3e-02
! 100     3.018e+02   -0.006    2.0e-01|4.0e-01    4.9e-02    1.9e-01    3.9e-02
! 300     2.985e+02   -0.001    2.0e-01|4.0e-01    8.7e-02    1.2e-01    4.4e-02
! 400     2.911e+02   -0.000    2.0e-01|4.0e-01    4.3e-02    6.3e-02    1.8e-02
! 300     2.955e+02    0.002    2.0e-01|4.0e-01    4.0e-02    9.5e-02    2.2e-02
! 400     2.980e+02    0.001    2.0e-01|4.0e-01    1.2e-01    1.3e-01    3.7e-02
! 200     2.995e+02   -0.008    2.0e-01|4.0e-01    1.0e-01    1.5e-01    4.3e-02
! 500     2.909e+02   -0.001    2.0e-01|4.0e-01    1.9e-02    4.2e-02    2.3e-02
! 400     2.953e+02    0.001    2.0e-01|4.0e-01    3.3e-02    7.3e-02    2.1e-02
! 500     2.978e+02    0.000    2.0e-01|4.0e-01    3.6e-02    6.0e-02    4.1e-02
! 300     2.982e+02   -0.003    2.0e-01|4.0e-01    1.0e-01    1.5e-01    4.9e-02
! 600     2.908e+02    0.000    2.0e-01|4.0e-01    2.3e-02    4.6e-02    1.7e-02
! 500     2.950e+02   -0.000    2.0e-01|4.0e-01    1.8e-02    4.2e-02    1.9e-02
! 600     2.974e+02   -0.001    2.0e-01|4.0e-01    3.3e-02    4.9e-02    4.3e-02
! 400     2.974e+02    0.001    2.0e-01|4.0e-01    9.5e-02    1.8e-01    7.6e-02
! 700     2.907e+02    0.000    2.0e-01|4.0e-01    2.4e-02    4.4e-02    2.2e-02
! 600     2.948e+02    0.000    2.0e-01|4.0e-01    4.4e-02    6.9e-02    2.1e-02
*  50     2.971e+02   -0.001    1       672
*  48     2.906e+02    0.000    1       760
!   0     1.079e+03 1053.910    2.0e-01|4.0e-01    2.0e-01    1.6e+01    3.5e+01
! 500     2.939e+02   -0.006    2.0e-01|4.0e-01    7.3e-02    1.2e-01    1.0e-01
!   0     1.096e+03 1090.579    2.0e-01|4.0e-01    2.0e-01    1.6e+01    5.7e+01
! 700     2.946e+02   -0.000    2.0e-01|4.0e-01    4.1e-02    5.5e-02    2.2e-02
! 600     2.908e+02    0.012    2.0e-01|4.0e-01    7.3e-02    1.9e-01    1.1e-01
! 100     3.029e+02   -0.001    2.0e-01|4.0e-01    7.9e-02    2.1e-01    3.6e-02
! 100     2.993e+02    0.005    2.0e-01|4.0e-01    1.1e-01    3.0e-01    4.6e-02
! 800     2.945e+02    0.000    2.0e-01|4.0e-01    2.5e-02    4.0e-02    2.4e-02
! 700     2.898e+02    0.001    2.0e-01|4.0e-01    1.7e-01    1.8e-01    7.1e-02
! 200     2.962e+02   -0.001    2.0e-01|4.0e-01    2.0e-01    4.7e-01    7.3e-02
! 200     3.013e+02    0.010    2.0e-01|4.0e-01    4.8e-02    1.1e-01    3.1e-02
! 900     2.944e+02   -0.000    2.0e-01|4.0e-01    2.1e-02    3.4e-02    2.3e-02
*  49     2.943e+02   -0.000    1       914
!   0     1.099e+03 1039.924    2.0e-01|4.0e-01    2.0e-01    1.6e+01    1.8e+01
! 800     2.893e+02   -0.001    2.0e-01|4.0e-01    4.6e-02    5.3e-02    3.5e-02
*  51     2.893e+02   -0.001    1       802
! 300     3.008e+02   -0.003    2.0e-01|4.0e-01    2.6e-02    5.1e-02    2.6e-02
! 300     2.902e+02   -0.004    2.0e-01|4.0e-01    1.5e-01    3.2e-01    5.7e-02
!   0     9.927e+02 1069.561    2.0e-01|4.0e-01    2.0e-01    1.6e+01    1.9e+01
! 100     3.096e+02   -0.009    2.0e-01|4.0e-01    6.6e-02    2.2e-01    4.1e-02
! 400     3.005e+02    0.000    2.0e-01|4.0e-01    6.1e-02    1.1e-01    2.9e-02
! 400     2.897e+02    0.001    2.0e-01|4.0e-01    1.6e-02    3.3e-02    5.2e-02
! 100     3.071e+02   -0.019    2.0e-01|4.0e-01    8.5e-02    2.8e-01    7.8e-02
*  53     3.004e+02   -0.002    1       422
! 200     3.082e+02   -0.002    2.0e-01|4.0e-01    9.0e-02    1.5e-01    2.8e-02
!   0     1.076e+03 1126.486    2.0e-01|4.0e-01    2.0e-01    1.6e+01    3.6e+01
! 500     2.894e+02    0.003    2.0e-01|4.0e-01    1.0e-01    1.1e-01    3.8e-02
! 200     3.044e+02   -0.014    2.0e-01|4.0e-01    8.2e-02    2.1e-01    5.3e-02
! 300     3.075e+02   -0.002    2.0e-01|4.0e-01    6.0e-02    1.3e-01    2.6e-02
! 100     3.016e+02   -0.008    2.0e-01|4.0e-01    6.0e-02    1.9e-01    3.9e-02
! 600     2.893e+02    0.000    2.0e-01|4.0e-01    1.4e-02    3.1e-02    3.1e-02
! 300     2.988e+02    0.004    2.0e-01|4.0e-01    2.0e-01    3.0e-01    1.1e-01
! 400     3.070e+02    0.001    2.0e-01|4.0e-01    2.6e-02    6.7e-02    2.3e-02
! 200     3.000e+02   -0.002    2.0e-01|4.0e-01    5.1e-02    1.1e-01    3.2e-02
! 700     2.891e+02    0.000    2.0e-01|4.0e-01    7.3e-02    7.6e-02    2.7e-02
! 500     3.063e+02   -0.001    2.0e-01|4.0e-01    5.6e-02    9.2e-02    2.8e-02
! 400     2.953e+02    0.001    2.0e-01|4.0e-01    1.3e-01    2.1e-01    6.6e-02
*  52     2.891e+02   -0.001    1       704
! 300     2.995e+02   -0.001    2.0e-01|4.0e-01    5.7e-02    6.8e-02    3.3e-02
!   0     1.106e+03 1067.835    2.0e-01|4.0e-01    2.0e-01    1.6e+01    3.9e+01
! 600     3.059e+02   -0.001    2.0e-01|4.0e-01    2.5e-02    4.5e-02    2.6e-02
! 500     2.946e+02   -0.000    2.0e-01|4.0e-01    5.4e-02    7.6e-02    5.5e-02
! 400     2.992e+02   -0.001    2.0e-01|4.0e-01    5.9e-02    8.8e-02    2.7e-02
! 100     3.012e+02    0.022    2.0e-01|4.0e-01    9.3e-02    3.6e-01    3.8e-02
! 700     3.057e+02   -0.000    2.0e-01|4.0e-01    4.9e-02    6.4e-02    3.0e-02
! 600     2.942e+02    0.001    2.0e-01|4.0e-01    1.3e-01    1.4e-01    3.5e-02
! 500     2.989e+02   -0.001    2.0e-01|4.0e-01    1.9e-02    4.2e-02    3.4e-02
! 200     2.998e+02   -0.000    2.0e-01|4.0e-01    4.0e-02    6.7e-02    2.4e-02
*  55     2.941e+02   -0.001    1       678
*  56     2.987e+02   -0.001    1       576
! 800     3.055e+02   -0.001    2.0e-01|4.0e-01    2.2e-02    5.1e-02    3.1e-02
!   0     1.115e+03 1027.499    2.0e-01|4.0e-01    2.0e-01    1.6e+01    2.5e+01
!   0     1.060e+03 1088.412    2.0e-01|4.0e-01    2.0e-01    1.6e+01    2.2e+01
! 300     2.996e+02    0.000    2.0e-01|4.0e-01    4.1e-02    6.9e-02    2.0e-02
! 900     3.052e+02   -0.001    2.0e-01|4.0e-01    1.0e-01    1.2e-01    3.0e-02
! 100     3.009e+02   -0.002    2.0e-01|4.0e-01    7.3e-02    1.7e-01    3.4e-02
! 100     3.007e+02   -0.001    2.0e-01|4.0e-01    1.4e-01    4.6e-01    4.3e-02
! 400     2.995e+02    0.001    2.0e-01|4.0e-01    3.2e-02    4.3e-02    1.9e-02
*  54     3.049e+02    0.000    0       999
! 200     2.998e+02   -0.005    2.0e-01|4.0e-01    1.1e-01    1.8e-01    3.0e-02
!   0     1.024e+03 1085.244    2.0e-01|4.0e-01    2.0e-01    1.6e+01    1.4e+01
! 200     2.987e+02   -0.002    2.0e-01|4.0e-01    1.1e-01    1.9e-01    3.1e-02
! 500     2.994e+02    0.000    2.0e-01|4.0e-01    1.8e-02    3.5e-02    1.8e-02
! 300     2.993e+02   -0.001    2.0e-01|4.0e-01    4.4e-02    7.7e-02    2.3e-02
! 300     2.967e+02    0.000    2.0e-01|4.0e-01    9.6e-02    2.0e-01    7.0e-02
! 100     3.084e+02   -0.005    2.0e-01|4.0e-01    1.1e-01    3.6e-01    5.1e-02
! 600     2.993e+02    0.001    2.0e-01|4.0e-01    4.5e-02    7.0e-02    1.8e-02
*  57     2.993e+02    0.001    1       614
!   0     1.064e+03 1088.286    2.0e-01|4.0e-01    2.0e-01    1.6e+01    2.6e+01
! 400     2.990e+02   -0.001    2.0e-01|4.0e-01    1.5e-02    3.5e-02    2.1e-02
! 400     2.951e+02   -0.001    2.0e-01|4.0e-01    9.6e-02    1.4e-01    4.9e-02
! 200     3.017e+02    0.012    2.0e-01|4.0e-01    2.0e-01    3.3e-01    8.4e-02
! 100     2.989e+02   -0.002    2.0e-01|4.0e-01    8.4e-02    2.0e-01    3.7e-02
! 500     2.988e+02   -0.001    2.0e-01|4.0e-01    1.2e-02    3.0e-02    3.0e-02
! 500     2.928e+02   -0.020    2.0e-01|4.0e-01    2.0e-01    5.7e-01    1.6e-01
! 300     2.979e+02    0.014    2.0e-01|4.0e-01    2.0e-01    5.6e-01    1.2e-01
! 200     2.982e+02   -0.003    2.0e-01|4.0e-01    2.3e-02    6.7e-02    2.4e-02
*  59     2.987e+02   -0.001    1       575
!   0     1.107e+03 1095.534    2.0e-01|4.0e-01    2.0e-01    1.6e+01    5.5e+01
! 400     2.964e+02   -0.007    2.0e-01|4.0e-01    3.3e-02    1.0e-01    3.5e-02
! 600     2.887e+02   -0.004    2.0e-01|4.0e-01    4.2e-02    7.3e-02    5.5e-02
! 300     2.978e+02   -0.003    2.0e-01|4.0e-01    3.0e-02    6.0e-02    2.0e-02
! 100     2.902e+02   -0.000    2.0e-01|4.0e-01    1.7e-01    3.9e-01    5.5e-02
! 500     2.961e+02   -0.001    2.0e-01|4.0e-01    1.9e-02    4.2e-02    2.4e-02
! 700     2.882e+02    0.000    2.0e-01|4.0e-01    2.3e-02    5.3e-02    8.1e-02
! 400     2.976e+02   -0.002    2.0e-01|4.0e-01    5.8e-02    7.3e-02    2.4e-02
! 200     2.879e+02   -0.001    2.0e-01|4.0e-01    4.2e-02    7.5e-02    2.2e-02
! 600     2.959e+02    0.004    2.0e-01|4.0e-01    7.9e-02    1.3e-01    3.4e-02
! 800     2.876e+02   -0.000    2.0e-01|4.0e-01    3.3e-02    4.1e-02    2.4e-02
! 500     2.973e+02   -0.002    2.0e-01|4.0e-01    3.0e-02    5.6e-02    2.5e-02
*  61     2.973e+02   -0.002    1       541
*  60     2.956e+02   -0.001    1       690
! 300     2.876e+02    0.001    2.0e-01|4.0e-01    3.6e-02    6.6e-02    2.0e-02
!   0     1.013e+03 1118.809    2.0e-01|4.0e-01    2.0e-01    1.6e+01    3.0e+01
! 900     2.874e+02   -0.000    2.0e-01|4.0e-01    1.9e-02    3.1e-02    1.9e-02
!   0     1.029e+03 1085.477    2.0e-01|4.0e-01    2.0e-01    1.6e+01    1.2e+01
*  58     2.874e+02   -0.000    1       936
*  62     2.876e+02   -0.001    1       353
!   0     1.050e+03 1072.562    2.0e-01|4.0e-01    2.0e-01    1.6e+01    1.4e+01
!   0     9.852e+02 1071.332    2.0e-01|4.0e-01    2.0e-01    1.6e+01    7.9e+00
! 100     2.902e+02    0.009    2.0e-01|4.0e-01    1.5e-01    2.5e-01    3.7e-02
! 100     2.907e+02    0.038    2.0e-01|4.0e-01    1.3e-01    3.6e-01    3.9e-02
! 100     3.030e+02    0.006    2.0e-01|4.0e-01    9.7e-02    2.5e-01    4.2e-02
! 100     2.971e+02   -0.019    2.0e-01|4.0e-01    1.6e-01    4.8e-01    6.9e-02
! 200     2.896e+02   -0.000    2.0e-01|4.0e-01    2.8e-02    7.3e-02    2.3e-02
! 200     2.897e+02    0.001    2.0e-01|4.0e-01    3.8e-02    1.0e-01    2.3e-02
! 200     3.003e+02    0.001    2.0e-01|4.0e-01    8.8e-02    1.7e-01    3.0e-02
! 200     2.898e+02    0.002    2.0e-01|4.0e-01    4.4e-02    8.5e-02    3.4e-02
! 300     2.894e+02   -0.000    2.0e-01|4.0e-01    5.0e-02    6.8e-02    1.9e-02
! 300     2.895e+02   -0.001    2.0e-01|4.0e-01    2.6e-02    5.1e-02    2.0e-02
! 300     2.990e+02   -0.002    2.0e-01|4.0e-01    1.1e-01    1.9e-01    8.3e-02
! 300     2.895e+02    0.001    2.0e-01|4.0e-01    3.7e-02    7.2e-02    2.2e-02
! 400     2.893e+02    0.000    2.0e-01|4.0e-01    5.0e-02    6.8e-02    2.0e-02
! 400     2.894e+02   -0.001    2.0e-01|4.0e-01    3.0e-02    4.2e-02    1.9e-02
*  63     2.893e+02   -0.000    1       442
! 400     2.986e+02    0.001    2.0e-01|4.0e-01    1.7e-02    4.3e-02    2.1e-02
!   0     1.086e+03 1059.353    2.0e-01|4.0e-01    2.0e-01    1.6e+01    2.2e+01
! 400     2.894e+02    0.000    2.0e-01|4.0e-01    7.9e-02    8.3e-02    2.1e-02
*  66     2.894e+02   -0.000    1       402
!   0     1.083e+03 1074.023    2.0e-01|4.0e-01    2.0e-01    1.6e+01    2.1e+01
! 500     2.893e+02   -0.000    2.0e-01|4.0e-01    5.8e-02    6.9e-02    2.1e-02
! 500     2.985e+02    0.001    2.0e-01|4.0e-01    3.5e-02    4.9e-02    1.2e-02
! 100     3.000e+02   -0.001    2.0e-01|4.0e-01    5.2e-02    1.5e-01    3.2e-02
! 100     2.995e+02    0.004    2.0e-01|4.0e-01    1.1e-01    3.0e-01    4.5e-02
*  65     2.985e+02    0.000    1       550
! 600     2.891e+02   -0.001    2.0e-01|4.0e-01    2.0e-02    4.2e-02    2.7e-02
!   0     1.116e+03 1074.427    2.0e-01|4.0e-01    2.0e-01    1.6e+01    3.4e+01
! 200     2.988e+02   -0.002    2.0e-01|4.0e-01    5.9e-02    1.3e-01    2.5e-02
! 200     2.969e+02   -0.001    2.0e-01|4.0e-01    1.5e-01    2.8e-01    7.5e-02
! 700     2.890e+02   -0.001    2.0e-01|4.0e-01    2.9e-02    4.6e-02    1.6e-02
! 100     2.998e+02    0.002    2.0e-01|4.0e-01    5.3e-02    1.8e-01    3.6e-02
! 300     2.984e+02   -0.003    2.0e-01|4.0e-01    6.0e-02    9.4e-02    2.8e-02
! 300     2.892e+02   -0.007    2.0e-01|4.0e-01    7.2e-02    1.6e-01    5.3e-02
*  64     2.889e+02   -0.001    1       785
!   0     1.034e+03 1143.206    2.0e-01|4.0e-01    2.0e-01    1.6e+01    1.2e+01
! 200     2.985e+02   -0.001    2.0e-01|4.0e-01    4.9e-02    1.2e-01    2.6e-02
! 400     2.981e+02   -0.001    2.0e-01|4.0e-01    1.1e-01    1.2e-01    2.8e-02
! 400     2.886e+02   -0.001    2.0e-01|4.0e-01    5.9e-02    8.9e-02    3.7e-02
! 100     3.012e+02   -0.000    2.0e-01|4.0e-01    7.3e-02    2.1e-01    3.7e-02
! 300     2.981e+02   -0.002    2.0e-01|4.0e-01    6.2e-02    9.5e-02    2.1e-02
! 500     2.979e+02   -0.001    2.0e-01|4.0e-01    3.0e-02    4.2e-02    3.3e-02
! 500     2.881e+02    0.004    2.0e-01|4.0e-01    8.3e-02    8.7e-02    2.3e-02
*  68     2.881e+02   -0.000    1       525
! 200     2.997e+02   -0.004    2.0e-01|4.0e-01    6.2e-02    1.1e-01    2.9e-02
*  67     2.978e+02   -0.003    1       567
! 400     2.979e+02   -0.001    2.0e-01|4.0e-01    1.7e-02    3.8e-02    1.9e-02
!   0     9.631e+02 1162.925    2.0e-01|4.0e-01    2.0e-01    1.6e+01    9.8e+00
!   0     1.066e+03 1112.178    2.0e-01|4.0e-01    2.0e-01    1.6e+01    2.1e+01
! 300     2.991e+02   -0.003    2.0e-01|4.0e-01    6.2e-02    9.4e-02    3.6e-02
! 500     2.977e+02    0.000    2.0e-01|4.0e-01    3.3e-02    5.0e-02    3.3e-02
! 100     3.050e+02   -0.003    2.0e-01|4.0e-01    7.6e-02    2.2e-01    4.0e-02
*  69     2.977e+02   -0.001    1       520
! 100     2.949e+02   -0.037    2.0e-01|4.0e-01    1.0e-01    4.6e-01    6.8e-02
!   0     1.045e+03 1029.743    2.0e-01|4.0e-01    2.0e-01    1.6e+01    1.3e+01
! 400     2.987e+02   -0.003    2.0e-01|4.0e-01    6.2e-02    7.8e-02    3.1e-02
! 200     3.032e+02    0.001    2.0e-01|4.0e-01    7.7e-02    2.0e-01    3.4e-02
! 200     2.882e+02    0.001    2.0e-01|4.0e-01    2.1e-02    6.0e-02    2.3e-02
! 100     3.023e+02   -0.009    2.0e-01|4.0e-01    6.8e-02    1.9e-01    3.5e-02
! 500     2.984e+02   -0.001    2.0e-01|4.0e-01    6.3e-02    8.7e-02    3.5e-02
! 300     3.023e+02    0.001    2.0e-01|4.0e-01    7.8e-02    2.6e-01    5.6e-02
! 300     2.880e+02    0.001    2.0e-01|4.0e-01    1.9e-02    5.5e-02    1.5e-02
! 200     3.008e+02    0.008    2.0e-01|4.0e-01    7.6e-02    1.9e-01    4.6e-02
! 600     2.981e+02   -0.000    2.0e-01|4.0e-01    1.1e-01    1.2e-01    4.5e-02
! 400     3.009e+02    0.001    2.0e-01|4.0e-01    2.5e-02    4.8e-02    3.9e-02
! 400     2.880e+02   -0.001    2.0e-01|4.0e-01    2.0e-02    3.7e-02    1.5e-02
! 300     2.995e+02    0.001    2.0e-01|4.0e-01    1.7e-01    2.3e-01    4.9e-02
*  71     3.007e+02    0.000    1       435
! 700     2.978e+02   -0.001    2.0e-01|4.0e-01    5.4e-02    6.8e-02    4.7e-02
!   0     1.099e+03 1063.036    2.0e-01|4.0e-01    2.0e-01    1.6e+01    2.1e+01
! 500     2.879e+02   -0.001    2.0e-01|4.0e-01    2.3e-02    3.7e-02    1.6e-02
! 400     2.986e+02    0.001    2.0e-01|4.0e-01    1.6e-01    1.9e-01    6.0e-02
*  72     2.879e+02   -0.002    1       549
*  70     2.976e+02   -0.001    1       779
!   0     1.078e+03 1066.420    2.0e-01|4.0e-01    2.0e-01    1.6e+01    2.9e+01
!   0     1.084e+03 1081.970    2.0e-01|4.0e-01    2.0e-01    1.6e+01    1.5e+01
! 100     2.983e+02   -0.000    2.0e-01|4.0e-01    9.9e-02    2.5e-01    4.1e-02
! 500     2.975e+02   -0.006    2.0e-01|4.0e-01    6.6e-02    1.2e-01    8.5e-02
! 100     3.101e+02    0.000    2.0e-01|4.0e-01    6.6e-02    1.9e-01    3.8e-02
! 100     3.037e+02   -0.004    2.0e-01|4.0e-01    7.1e-02    2.7e-01    5.1e-02
! 200     2.975e+02    0.000    2.0e-01|4.0e-01    9.1e-02    1.5e-01    3.1e-02
! 600     2.924e+02    0.016    2.0e-01|4.0e-01    1.7e-01    2.9e-01    1.2e-01
! 200     3.090e+02   -0.004    2.0e-01|4.0e-01    4.0e-02    8.6e-02    2.5e-02
! 200     3.012e+02   -0.003    2.0e-01|4.0e-01    3.1e-02    7.3e-02    3.3e-02
! 300     2.968e+02    0.000    2.0e-01|4.0e-01    3.0e-02    1.0e-01    4.0e-02
! 700     2.907e+02   -0.000    2.0e-01|4.0e-01    2.0e-02    3.5e-02    4.8e-02
! 300     3.085e+02   -0.004    2.0e-01|4.0e-01    2.3e-02    6.0e-02    2.7e-02
! 300     3.007e+02    0.000    2.0e-01|4.0e-01    9.2e-02    1.9e-01    2.9e-02
! 400     2.956e+02   -0.017    2.0e-01|4.0e-01    8.0e-02    1.9e-01    5.4e-02
! 800     2.904e+02   -0.006    2.0e-01|4.0e-01    4.8e-02    8.4e-02    3.1e-02
! 400     3.003e+02   -0.005    2.0e-01|4.0e-01    1.3e-02    4.6e-02    3.1e-02
! 400     3.081e+02   -0.002    2.0e-01|4.0e-01    3.3e-02    6.7e-02    2.3e-02
! 500     2.893e+02    0.003    2.0e-01|4.0e-01    1.8e-01    2.7e-01    8.0e-02
*  75     3.002e+02   -0.002    1       435
! 900     2.902e+02   -0.001    2.0e-01|4.0e-01    4.7e-02    5.4e-02    3.5e-02
!   0     1.046e+03 1111.238    2.0e-01|4.0e-01    2.0e-01    1.6e+01    2.4e+01
! 500     3.078e+02   -0.003    2.0e-01|4.0e-01    2.5e-02    4.8e-02    2.7e-02
! 600     2.887e+02    0.001    2.0e-01|4.0e-01    5.4e-02    7.6e-02    2.4e-02
*  73     2.899e+02    0.002    0       999
! 100     3.010e+02    0.001    2.0e-01|4.0e-01    1.4e-01    4.0e-01    4.2e-02
!   0     1.053e+03 1087.617    2.0e-01|4.0e-01    2.0e-01    1.6e+01    1.8e+01
! 600     3.075e+02   -0.002    2.0e-01|4.0e-01    3.8e-02    7.5e-02    2.7e-02
! 700     2.885e+02    0.002    2.0e-01|4.0e-01    7.8e-02    1.1e-01    2.5e-02
! 200     2.995e+02   -0.013    2.0e-01|4.0e-01    7.9e-02    1.4e-01    3.8e-02
! 100     3.000e+02   -0.005    2.0e-01|4.0e-01    1.0e-01    3.0e-01    4.5e-02
! 700     3.073e+02   -0.000    2.0e-01|4.0e-01    5.2e-02    7.2e-02    2.8e-02
*  74     2.884e+02   -0.000    1       767
!   0     1.065e+03 1094.360    2.0e-01|4.0e-01    2.0e-01    1.6e+01    2.6e+01
! 300     2.982e+02   -0.008    2.0e-01|4.0e-01    9.1e-02    1.4e-01    5.1e-02
! 200     2.987e+02   -0.001    2.0e-01|4.0e-01    6.6e-02    1.4e-01    3.2e-02
*  76     3.071e+02   -0.002    1       774
!   0     1.134e+03 1084.543    2.0e-01|4.0e-01    2.0e-01    1.6e+01    3.3e+01
! 100     3.008e+02   -0.003    2.0e-01|4.0e-01    1.4e-01    2.5e-01    4.0e-02
! 400     2.973e+02   -0.003    2.0e-01|4.0e-01    1.0e-01    2.0e-01    7.9e-02
! 300     2.982e+02    0.002    2.0e-01|4.0e-01    1.2e-01    1.5e-01    3.2e-02
! 100     3.010e+02    0.004    2.0e-01|4.0e-01    6.5e-02    2.5e-01    3.9e-02
! 200     2.998e+02   -0.000    2.0e-01|4.0e-01    6.2e-02    1.2e-01    2.4e-02
! 500     2.936e+02   -0.004    2.0e-01|4.0e-01    1.5e-01    2.0e-01    9.2e-02
! 400     2.978e+02   -0.001    2.0e-01|4.0e-01    2.7e-02    6.6e-02    3.4e-02
! 200     2.995e+02   -0.000    2.0e-01|4.0e-01    7.0e-02    1.1e-01    3.0e-02
! 300     2.994e+02   -0.000    2.0e-01|4.0e-01    3.0e-02    7.0e-02    2.2e-02
! 600     2.914e+02    0.002    2.0e-01|4.0e-01    2.0e-01    2.6e-01    7.7e-02
! 500     2.974e+02    0.002    2.0e-01|4.0e-01    3.4e-02    6.9e-02    3.0e-02
! 300     2.991e+02   -0.000    2.0e-01|4.0e-01    5.9e-02    9.0e-02    2.9e-02
! 400     2.991e+02   -0.001    2.0e-01|4.0e-01    5.2e-02    1.1e-01    2.1e-02
! 700     2.899e+02    0.001    2.0e-01|4.0e-01    1.5e-01    1.7e-01    7.2e-02
*  78     2.972e+02   -0.001    1       581
!   0     1.075e+03 1059.397    2.0e-01|4.0e-01    2.0e-01    1.6e+01    1.9e+01
! 400     2.988e+02   -0.001    2.0e-01|4.0e-01    2.5e-02    3.7e-02    2.8e-02
! 500     2.981e+02    0.001    2.0e-01|4.0e-01    6.8e-02    1.1e-01    2.2e-02
! 800     2.894e+02   -0.004    2.0e-01|4.0e-01    3.6e-02    5.0e-02    3.9e-02
! 100     2.974e+02    0.001    2.0e-01|4.0e-01    1.3e-01    3.6e-01    4.5e-02
*  80     2.986e+02   -0.001    1       477
! 600     2.978e+02   -0.000    2.0e-01|4.0e-01    1.9e-02    3.8e-02    2.2e-02
!   0     1.055e+03 1079.086    2.0e-01|4.0e-01    2.0e-01    1.6e+01    1.7e+01
*  77     2.892e+02    0.000    1       895
!   0     1.103e+03 1096.399    2.0e-01|4.0e-01    2.0e-01    1.6e+01    2.7e+01
! 200     2.942e+02   -0.008    2.0e-01|4.0e-01    1.1e-01    3.4e-01    8.8e-02
! 700     2.977e+02    0.000    2.0e-01|4.0e-01    3.3e-02    5.3e-02    2.5e-02
! 100     2.888e+02    0.007    2.0e-01|4.0e-01    3.5e-02    1.4e-01    3.0e-02
*  79     2.976e+02   -0.000    1       734
!   0     1.070e+03 1119.645    2.0e-01|4.0e-01    2.0e-01    1.6e+01    4.2e+01
! 100     2.996e+02    0.003    2.0e-01|4.0e-01    1.3e-01    3.7e-01    4.3e-02
! 300     2.888e+02    0.001    2.0e-01|4.0e-01    1.9e-01    2.4e-01    7.5e-02
! 200     2.886e+02   -0.001    2.0e-01|4.0e-01    2.3e-02    4.8e-02    2.1e-02
! 200     2.939e+02   -0.085    2.0e-01|4.0e-01    2.0e-01    1.1e+00    1.2e-01
! 100     2.993e+02   -0.005    2.0e-01|4.0e-01    9.2e-02    3.0e-01    4.3e-02
! 400     2.881e+02    0.002    2.0e-01|4.0e-01    4.1e-02    7.1e-02    3.9e-02
! 300     2.885e+02   -0.001    2.0e-01|4.0e-01    2.9e-02    5.0e-02    1.6e-02
! 200     2.977e+02    0.001    2.0e-01|4.0e-01    1.1e-01    1.9e-01    4.5e-02
! 300     2.896e+02   -0.003    2.0e-01|4.0e-01    5.2e-02    1.1e-01    4.6e-02
! 500     2.879e+02   -0.000    2.0e-01|4.0e-01    4.7e-02    6.8e-02    3.0e-02
*  82     2.884e+02   -0.002    1       375
!   0     1.040e+03 1076.251    2.0e-01|4.0e-01    2.0e-01    1.6e+01    1.5e+01
*  81     2.878e+02   -0.001    1       579
! 400     2.894e+02    0.001    2.0e-01|4.0e-01    2.3e-02    3.5e-02    4.7e-02
! 300     2.965e+02   -0.001    2.0e-01|4.0e-01    1.6e-01    2.7e-01    5.5e-02
*  83     2.894e+02    0.000    1       406
!   0     1.007e+03 1149.404    2.0e-01|4.0e-01    2.0e-01    1.7e+01    2.0e+01
!   0     1.040e+03 1076.105    2.0e-01|4.0e-01    2.0e-01    1.6e+01    2.2e+01
! 100     3.003e+02   -0.004    2.0e-01|4.0e-01    6.7e-02    1.9e-01    3.5e-02
! 400     2.930e+02    0.003    2.0e-01|4.0e-01    2.0e-01    3.2e-01    1.0e-01
! 100     3.005e+02    0.006    2.0e-01|4.0e-01    4.6e-02    1.9e-01    3.7e-02
! 100     3.034e+02   -0.005    2.0e-01|4.0e-01    3.3e-02    1.4e-01    4.0e-02
! 200     2.989e+02   -0.004    2.0e-01|4.0e-01    7.0e-02    1.1e-01    2.9e-02
! 500     2.889e+02   -0.003    2.0e-01|4.0e-01    6.6e-02    1.2e-01    5.9e-02
! 200     2.990e+02   -0.004    2.0e-01|4.0e-01    7.3e-02    1.4e-01    2.8e-02
! 200     3.017e+02   -0.000    2.0e-01|4.0e-01    9.0e-02    1.4e-01    3.2e-02
! 300     2.985e+02   -0.002    2.0e-01|4.0e-01    2.5e-02    5.2e-02    2.2e-02
! 600     2.884e+02    0.009    2.0e-01|4.0e-01    1.5e-01    2.1e-01    4.8e-02
*  84     2.884e+02    0.001    1       602
! 300     2.985e+02   -0.004    2.0e-01|4.0e-01    4.3e-02    7.4e-02    3.9e-02
!   0     1.144e+03 1049.706    2.0e-01|4.0e-01    2.0e-01    1.6e+01    2.4e+01
! 300     3.012e+02   -0.000    2.0e-01|4.0e-01    8.7e-02    1.5e-01    3.1e-02
! 400     2.983e+02   -0.003    2.0e-01|4.0e-01    1.0e-02    3.4e-02    2.3e-02
*  85     2.983e+02   -0.003    1       400
!   0     1.059e+03 1110.661    2.0e-01|4.0e-01    2.0e-01    1.6e+01    2.5e+01
! 400     2.981e+02   -0.001    2.0e-01|4.0e-01    9.9e-02    1.1e-01    3.6e-02
! 100     3.050e+02   -0.001    2.0e-01|4.0e-01    9.5e-02    2.8e-01    4.3e-02
! 400     3.008e+02   -0.001    2.0e-01|4.0e-01    3.5e-02    5.5e-02    2.8e-02
! 100     3.089e+02    0.024    2.0e-01|4.0e-01    2.0e-01    5.8e-01    9.2e-02
! 500     2.978e+02   -0.003    2.0e-01|4.0e-01    1.1e-01    1.3e-01    2.9e-02
! 200     3.030e+02   -0.006    2.0e-01|4.0e-01    6.8e-02    1.4e-01    3.1e-02
! 500     3.006e+02   -0.000    2.0e-01|4.0e-01    1.1e-02    3.0e-02    3.0e-02
*  86     2.977e+02   -0.003    1       540
*  87     3.006e+02   -0.000    1       520
!   0     1.088e+03 1071.311    2.0e-01|4.0e-01    2.0e-01    1.6e+01    3.9e+01
!   0     1.065e+03 1050.036    2.0e-01|4.0e-01    2.0e-01    1.6e+01    2.1e+01
! 200     3.061e+02    0.000    2.0e-01|4.0e-01    8.8e-02    1.6e-01    3.0e-02
! 300     3.025e+02   -0.001    2.0e-01|4.0e-01    5.9e-02    9.9e-02    3.5e-02
! 100     2.901e+02    0.037    2.0e-01|4.0e-01    1.7e-01    5.1e-01    6.7e-02
! 100     2.924e+02    0.012    2.0e-01|4.0e-01    9.6e-02    3.8e-01    3.8e-02
! 300     3.054e+02   -0.001    2.0e-01|4.0e-01    1.8e-02    6.4e-02    2.7e-02
! 400     3.021e+02   -0.003    2.0e-01|4.0e-01    5.2e-02    8.2e-02    2.4e-02
! 200     2.891e+02    0.002    2.0e-01|4.0e-01    3.4e-02    8.4e-02    2.0e-02
! 200     2.908e+02   -0.000    2.0e-01|4.0e-01    4.7e-02    1.1e-01    2.2e-02
*  88     3.020e+02   -0.004    1       466
! 400     3.050e+02   -0.001    2.0e-01|4.0e-01    2.0e-02    4.9e-02    2.7e-02
!   0     1.067e+03 1078.267    2.0e-01|4.0e-01    2.0e-01    1.6e+01    2.1e+01
*  91     2.889e+02   -0.001    1       273
!   0     1.055e+03 1051.647    2.0e-01|4.0e-01    2.0e-01    1.6e+01    2.0e+01
! 300     2.905e+02    0.001    2.0e-01|4.0e-01    4.2e-02    9.5e-02    1.7e-02
! 500     3.047e+02   -0.000    2.0e-01|4.0e-01    6.7e-02    8.6e-02    2.5e-02
! 100     2.914e+02    0.004    2.0e-01|4.0e-01    1.4e-01    4.5e-01    8.8e-02
! 100     2.995e+02   -0.001    2.0e-01|4.0e-01    7.0e-02    2.5e-01    5.8e-02
! 400     2.903e+02   -0.000    2.0e-01|4.0e-01    6.7e-02    8.6e-02    1.5e-02
! 600     3.046e+02   -0.000    2.0e-01|4.0e-01    5.5e-02    8.0e-02    2.8e-02
! 200     2.878e+02    0.008    2.0e-01|4.0e-01    4.9e-02    7.1e-02    2.9e-02
*  90     2.902e+02   -0.000    1       485
! 200     2.968e+02   -0.000    2.0e-01|4.0e-01    7.5e-02    1.4e-01    3.1e-02
!   0     1.055e+03 1096.693    2.0e-01|4.0e-01    2.0e-01    1.6e+01    2.1e+01
! 700     3.043e+02    0.000    2.0e-01|4.0e-01    8.0e-02    9.8e-02    3.0e-02
! 300     2.876e+02   -0.000    2.0e-01|4.0e-01    2.0e-02    4.0e-02    2.0e-02
! 300     2.962e+02   -0.000    2.0e-01|4.0e-01    3.0e-02    7.8e-02    3.4e-02
*  92     2.876e+02   -0.001    1       368
! 100     2.921e+02    0.009    2.0e-01|4.0e-01    7.3e-02    2.2e-01    3.3e-02
! 800     3.041e+02   -0.000    2.0e-01|4.0e-01    2.7e-02    4.4e-02    3.5e-02
!   0     1.113e+03 1051.633    2.0e-01|4.0e-01    2.0e-01    1.6e+01    3.8e+01
! 400     2.957e+02   -0.000    2.0e-01|4.0e-01    6.3e-02    1.0e-01    3.3e-02
*  89     3.040e+02   -0.001    1       874
! 200     2.913e+02    0.000    2.0e-01|4.0e-01    5.0e-02    8.9e-02    2.2e-02
!   0     1.098e+03 1086.632    2.0e-01|4.0e-01    2.0e-01    1.6e+01    1.8e+01
! 100     2.975e+02   -0.006    2.0e-01|4.0e-01    1.2e-01    4.2e-01    5.2e-02
! 500     2.954e+02   -0.000    2.0e-01|4.0e-01    2.2e-02    5.2e-02    3.3e-02
! 300     2.911e+02   -0.000    2.0e-01|4.0e-01    2.0e-02    5.7e-02    1.9e-02
! 100     3.065e+02   -0.002    2.0e-01|4.0e-01    1.3e-01    2.8e-01    4.4e-02
! 200     2.895e+02    0.008    2.0e-01|4.0e-01    3.9e-02    1.1e-01    5.4e-02
! 600     2.951e+02    0.000    2.0e-01|4.0e-01    3.4e-02    6.2e-02    3.5e-02
! 400     2.909e+02   -0.000    2.0e-01|4.0e-01    1.2e-02    4.3e-02    2.0e-02
! 200     3.044e+02   -0.018    2.0e-01|4.0e-01    7.6e-02    1.9e-01    4.3e-02
! 300     2.891e+02    0.003    2.0e-01|4.0e-01    2.1e-02    4.5e-02    3.3e-02
! 700     2.948e+02    0.000    2.0e-01|4.0e-01    6.5e-02    7.4e-02    4.1e-02
*  93     2.948e+02    0.000    1       705
*  95     2.890e+02    0.001    1       366
!   0     1.089e+03 1070.912    2.0e-01|4.0e-01    2.0e-01    1.6e+01    2.6e+01
! 500     2.907e+02    0.000    2.0e-01|4.0e-01    1.9e-02    4.9e-02    2.2e-02
! 300     3.023e+02   -0.007    2.0e-01|4.0e-01    5.4e-02    1.7e-01    7.8e-02
!   0     1.057e+03 1055.492    2.0e-01|4.0e-01    2.0e-01    1.6e+01    2.0e+01
! 100     3.039e+02   -0.008    2.0e-01|4.0e-01    4.8e-02    1.7e-01    3.9e-02
! 600     2.906e+02   -0.000    2.0e-01|4.0e-01    1.5e-02    3.3e-02    1.9e-02
! 400     2.975e+02    0.015    2.0e-01|4.0e-01    2.0e-01    3.4e-01    9.6e-02
! 100     3.041e+02   -0.010    2.0e-01|4.0e-01    8.1e-02    3.0e-01    6.2e-02
! 200     3.023e+02   -0.001    2.0e-01|4.0e-01    6.1e-02    1.2e-01    3.0e-02
! 700     2.905e+02    0.000    2.0e-01|4.0e-01    5.8e-02    8.7e-02    2.9e-02
! 500     2.943e+02   -0.003    2.0e-01|4.0e-01    7.2e-02    1.3e-01    7.1e-02
! 200     3.015e+02   -0.002    2.0e-01|4.0e-01    8.8e-02    1.3e-01    3.1e-02
*  94     2.904e+02   -0.001    1       743
!   0     1.109e+03 1071.682    2.0e-01|4.0e-01    2.0e-01    1.6e+01    3.3e+01
! 300     3.018e+02    0.003    2.0e-01|4.0e-01    8.4e-02    1.4e-01    2.7e-02
! 600     2.937e+02   -0.002    2.0e-01|4.0e-01    3.4e-02    6.7e-02    5.7e-02
! 300     3.009e+02    0.001    2.0e-01|4.0e-01    7.3e-02    1.1e-01    3.4e-02
! 100     2.994e+02   -0.012    2.0e-01|4.0e-01    1.4e-01    3.9e-01    6.4e-02
! 400     3.015e+02    0.001    2.0e-01|4.0e-01    2.8e-02    5.0e-02    3.1e-02
! 700     2.933e+02    0.001    2.0e-01|4.0e-01    3.5e-02    7.0e-02    3.9e-02
! 400     3.004e+02   -0.002    2.0e-01|4.0e-01    4.0e-02    6.3e-02    3.4e-02
! 200     2.883e+02    0.006    2.0e-01|4.0e-01    1.3e-01    2.2e-01    4.3e-02
! 500     3.013e+02   -0.001    2.0e-01|4.0e-01    2.6e-02    3.9e-02    3.0e-02
! 500     3.001e+02    0.000    2.0e-01|4.0e-01    2.7e-02    4.8e-02    4.0e-02
! 800     2.931e+02    0.001    2.0e-01|4.0e-01    2.6e-02    4.5e-02    2.9e-02
*  97     3.013e+02   -0.001    1       517
!   0     1.078e+03 1098.600    2.0e-01|4.0e-01    2.0e-01    1.6e+01    2.6e+01
! 300     2.879e+02   -0.000    2.0e-01|4.0e-01    2.9e-02    5.5e-02    3.0e-02
! 900     2.930e+02    0.002    2.0e-01|4.0e-01    1.3e-02    3.1e-02    2.5e-02
! 600     2.998e+02   -0.000    2.0e-01|4.0e-01    9.9e-02    1.1e-01    4.6e-02
! 100     3.083e+02    0.005    2.0e-01|4.0e-01    5.4e-02    2.1e-01    4.0e-02
! 400     2.877e+02    0.000    2.0e-01|4.0e-01    3.2e-02    6.2e-02    2.1e-02
! 700     2.996e+02   -0.001    2.0e-01|4.0e-01    6.6e-02    7.7e-02    4.0e-02
*  96     2.929e+02    0.001    0       999
! 200     3.072e+02   -0.003    2.0e-01|4.0e-01    3.8e-02    1.0e-01    2.7e-02
*  99     2.876e+02   -0.002    1       496
*  98     2.994e+02   -0.000    1       779
! 300     3.067e+02   -0.003    2.0e-01|4.0e-01    2.4e-02    5.9e-02    3.0e-02
! 400     3.065e+02   -0.002    2.0e-01|4.0e-01    7.7e-02    1.0e-01    2.4e-02
! 500     3.062e+02   -0.002    2.0e-01|4.0e-01    5.7e-02    9.1e-02    2.9e-02
! 600     3.059e+02   -0.003    2.0e-01|4.0e-01    1.8e-02    4.9e-02    3.0e-02
! 700     3.058e+02   -0.001    2.0e-01|4.0e-01    1.6e-02    3.8e-02    2.6e-02
* 100     3.057e+02   -0.002    1       742

Total number of runs					:	   100
Best solution ID 					:	    58
Total number of converged (also feasible) solutions	:	    91
Total number of subproblems (function evaluations)	:	 62218
Total number of subproblems in runs which converged	:	 54245
Total number of times the best solution was found	:	     5
Probability of having found the optimum			:	~ 0.38

