
  k           Obj      Vio          Mov             |dX|     ||dX||      |kkt|
  0     6.044e+03   -0.000    3.0e-01|3.0e-01    2.0e-01    2.7e+00    2.3e+03
  1     3.549e+03   -0.039    1.5e-01|6.0e-01    4.0e-01    2.1e+00    1.9e+02
  2     2.400e+03   -0.019    7.5e-02|7.4e-01    3.7e-01    1.8e+00    4.9e+01
  3     1.986e+03   -0.007    3.8e-02|7.5e-01    3.5e-01    2.0e+00    2.7e+01
  4     1.787e+03   -0.007    1.9e-02|7.5e-01    5.0e-01    2.7e+00    2.3e+01
  5     1.779e+03   -0.009    9.4e-03|7.5e-01    5.0e-01    3.6e+00    1.1e+02
  6     1.776e+03   -0.013    4.7e-03|7.5e-01    5.0e-01    3.3e+00    1.2e+02
  7     1.409e+03   -0.015    2.1e-03|7.5e-01    5.0e-01    2.8e+00    5.5e+01
  8     1.332e+03   -0.011    1.0e-03|7.5e-01    5.0e-01    2.9e+00    7.2e+01
  9     1.248e+03   -0.011    1.0e-03|7.5e-01    5.0e-01    2.6e+00    5.8e+01
 10     1.139e+03   -0.010    1.0e-03|7.5e-01    5.0e-01    2.5e+00    5.0e+01
 11     1.076e+03   -0.009    1.0e-03|7.5e-01    5.0e-01    2.4e+00    4.2e+01
 12     1.021e+03   -0.010    1.0e-03|7.5e-01    5.0e-01    2.5e+00    3.7e+01
 13     9.648e+02   -0.010    1.0e-03|7.5e-01    5.0e-01    2.2e+00    3.5e+01
 14     8.755e+02   -0.009    1.0e-03|7.5e-01    5.0e-01    2.4e+00    2.8e+01
 15     7.890e+02   -0.009    1.0e-03|7.5e-01    5.0e-01    2.5e+00    2.4e+01
 16     7.222e+02   -0.009    1.0e-03|7.5e-01    5.0e-01    2.8e+00    2.4e+01
 17     6.776e+02   -0.009    1.0e-03|7.5e-01    5.0e-01    3.1e+00    2.0e+01
 18     6.330e+02   -0.011    1.0e-03|7.5e-01    5.0e-01    3.1e+00    1.2e+01
 19     5.929e+02   -0.009    1.0e-03|7.5e-01    5.0e-01    2.6e+00    1.7e+01
 20     5.473e+02   -0.007    1.0e-03|7.5e-01    5.0e-01    2.3e+00    6.2e+00
 21     5.265e+02   -0.005    1.0e-03|7.5e-01    5.0e-01    2.3e+00    2.1e+01
 22     5.058e+02   -0.004    1.0e-03|7.5e-01    5.0e-01    2.6e+00    1.8e+01
 23     5.008e+02   -0.004    1.0e-03|7.5e-01    5.0e-01    2.8e+00    1.2e+01
 24     5.050e+02   -0.005    1.0e-03|7.5e-01    5.0e-01    2.8e+00    1.7e+01
 25     4.840e+02   -0.006    1.0e-03|7.5e-01    5.0e-01    2.8e+00    8.8e+00
 26     4.875e+02   -0.006    1.0e-03|7.5e-01    5.0e-01    2.8e+00    1.6e+01
 27     4.745e+02   -0.007    1.0e-03|7.5e-01    5.0e-01    2.5e+00    4.6e+00
 28     4.636e+02   -0.005    1.0e-03|7.5e-01    5.0e-01    1.9e+00    1.0e+01
 29     4.534e+02   -0.003    1.0e-03|7.5e-01    5.0e-01    1.6e+00    5.5e+00
 30     4.519e+02   -0.002    1.0e-03|7.5e-01    5.0e-01    1.6e+00    5.3e+00
 31     4.438e+02   -0.002    1.0e-03|7.5e-01    5.0e-01    1.3e+00    3.4e+00
 32     4.440e+02   -0.001    1.0e-03|7.5e-01    5.0e-01    1.6e+00    1.0e+01
 33     4.418e+02   -0.002    1.0e-03|7.5e-01    5.0e-01    1.6e+00    3.3e+00
 34     4.415e+02   -0.002    1.0e-03|7.5e-01    5.0e-01    1.6e+00    1.0e+01
 35     4.436e+02   -0.001    1.0e-03|7.5e-01    5.0e-01    1.5e+00    1.1e+01
 36     4.363e+02   -0.001    1.0e-03|7.5e-01    5.0e-01    1.5e+00    3.9e+00
 37     4.366e+02   -0.001    1.0e-03|7.5e-01    5.0e-01    1.6e+00    2.8e+00
 38     4.415e+02   -0.001    1.0e-03|7.5e-01    5.0e-01    1.4e+00    1.4e+01
 39     4.342e+02   -0.001    1.0e-03|7.5e-01    5.0e-01    1.3e+00    2.5e+00
 40     4.367e+02   -0.001    1.0e-03|7.5e-01    5.0e-01    1.4e+00    6.6e+00
 41     4.352e+02   -0.001    1.0e-03|7.5e-01    5.0e-01    1.7e+00    2.8e+00
 42     4.362e+02   -0.001    1.0e-03|7.5e-01    5.0e-01    2.1e+00    3.5e+00
 43     4.480e+02   -0.002    1.0e-03|7.5e-01    5.0e-01    2.1e+00    1.0e+01
 44     4.370e+02   -0.002    1.0e-03|7.5e-01    5.0e-01    1.9e+00    3.2e+00
 45     4.395e+02   -0.001    1.0e-03|7.5e-01    5.0e-01    2.1e+00    4.6e+00
 46     4.478e+02   -0.002    1.0e-03|7.5e-01    5.0e-01    2.1e+00    1.3e+01
 47     4.394e+02   -0.003    1.0e-03|7.5e-01    5.0e-01    1.9e+00    5.2e+00
 48     4.402e+02   -0.002    1.0e-03|7.5e-01    5.0e-01    1.8e+00    5.9e+00
 49     4.388e+02   -0.003    1.0e-03|7.5e-01    5.0e-01    1.7e+00    2.9e+00
 50     4.391e+02   -0.002    1.0e-03|7.5e-01    5.0e-01    1.5e+00    7.0e+00
 51     4.354e+02   -0.002    1.0e-03|7.5e-01    5.0e-01    1.6e+00    4.1e+00
 52     4.365e+02   -0.001    1.0e-03|7.5e-01    5.0e-01    1.8e+00    6.6e+00
 53     4.443e+02   -0.002    1.0e-03|7.5e-01    5.0e-01    1.7e+00    1.7e+01
 54     4.342e+02   -0.002    1.0e-03|7.5e-01    5.0e-01    1.6e+00    2.9e+00
 55     4.379e+02   -0.001    1.0e-03|7.5e-01    5.0e-01    1.8e+00    8.9e+00
 56     4.428e+02   -0.002    1.0e-03|7.5e-01    5.0e-01    1.8e+00    1.1e+01
 57     4.344e+02   -0.002    1.0e-03|7.5e-01    5.0e-01    1.9e+00    3.9e+00
 58     4.405e+02   -0.002    1.0e-03|7.5e-01    5.0e-01    2.2e+00    6.9e+00
 59     4.544e+02   -0.003    1.0e-03|7.5e-01    5.0e-01    2.2e+00    1.8e+01
 60     4.385e+02   -0.003    1.0e-03|7.5e-01    5.0e-01    2.1e+00    2.5e+00
 61     4.457e+02   -0.003    1.0e-03|7.5e-01    5.0e-01    2.0e+00    1.6e+01
 62     4.405e+02   -0.004    1.0e-03|7.5e-01    5.0e-01    1.8e+00    4.3e+00
 63     4.349e+02   -0.002    1.0e-03|7.5e-01    5.0e-01    1.2e+00    4.7e+00
 64     4.303e+02   -0.001    1.0e-03|7.5e-01    3.5e-01    7.1e-01    1.6e+00
 65     4.283e+02   -0.001    1.0e-03|7.5e-01    3.5e-01    6.1e-01    1.9e+00
 66     4.277e+02   -0.001    1.0e-03|7.5e-01    8.4e-02    2.8e-01    1.1e+00
 67     4.262e+02   -0.000    1.0e-03|7.5e-01    1.3e-01    3.0e-01    7.4e-01
 68     4.258e+02   -0.000    1.0e-03|7.5e-01    2.2e-01    4.7e-01    6.6e-01
 69     4.257e+02   -0.000    1.0e-03|7.5e-01    5.0e-01    9.9e-01    1.1e+00
 70     4.317e+02   -0.000    1.0e-03|7.5e-01    5.0e-01    1.5e+00    9.7e+00
 71     4.325e+02   -0.001    1.0e-03|7.5e-01    5.0e-01    2.0e+00    8.2e+00
 72     4.469e+02   -0.002    1.0e-03|7.5e-01    5.0e-01    2.5e+00    1.9e+01
 73     4.428e+02   -0.003    1.0e-03|7.5e-01    5.0e-01    2.8e+00    5.3e+00
 74     4.466e+02   -0.004    1.0e-03|7.5e-01    5.0e-01    2.9e+00    8.4e+00
 75     4.572e+02   -0.005    1.0e-03|7.5e-01    5.0e-01    2.9e+00    1.1e+01
 76     4.484e+02   -0.005    1.0e-03|7.5e-01    5.0e-01    2.4e+00    6.1e+00
 77     4.396e+02   -0.004    1.0e-03|7.5e-01    5.0e-01    1.9e+00    5.4e+00
 78     4.362e+02   -0.003    1.0e-03|7.5e-01    5.0e-01    1.5e+00    3.5e+00
 79     4.298e+02   -0.002    1.0e-03|7.5e-01    5.0e-01    1.1e+00    2.0e+00
 80     4.284e+02   -0.001    1.0e-03|7.5e-01    4.6e-01    1.1e+00    2.3e+00
 81     4.280e+02   -0.001    1.0e-03|7.5e-01    5.0e-01    1.0e+00    5.8e+00
 82     4.266e+02   -0.001    1.0e-03|7.5e-01    5.0e-01    1.2e+00    1.7e+00
 83     4.299e+02   -0.001    1.0e-03|7.5e-01    5.0e-01    1.4e+00    6.7e+00
 84     4.286e+02   -0.001    1.0e-03|7.5e-01    5.0e-01    1.4e+00    4.6e+00
 85     4.312e+02   -0.001    1.0e-03|7.5e-01    5.0e-01    1.5e+00    8.0e+00
 86     4.294e+02   -0.001    1.0e-03|7.5e-01    5.0e-01    1.6e+00    2.9e+00
 87     4.303e+02   -0.001    1.0e-03|7.5e-01    5.0e-01    1.8e+00    4.7e+00
 88     4.314e+02   -0.001    1.0e-03|7.5e-01    5.0e-01    1.9e+00    3.6e+00
 89     4.318e+02   -0.001    1.0e-03|7.5e-01    5.0e-01    2.1e+00    5.4e+00
 90     4.349e+02   -0.002    1.0e-03|7.5e-01    5.0e-01    2.1e+00    5.7e+00
 91     4.374e+02   -0.002    1.0e-03|7.5e-01    5.0e-01    2.1e+00    1.6e+01
 92     4.339e+02   -0.002    1.0e-03|7.5e-01    5.0e-01    2.0e+00    7.7e+00
 93     4.334e+02   -0.002    1.0e-03|7.5e-01    5.0e-01    2.0e+00    1.2e+01
 94     4.344e+02   -0.003    1.0e-03|7.5e-01    5.0e-01    1.8e+00    4.9e+00
 95     4.302e+02   -0.002    1.0e-03|7.5e-01    5.0e-01    1.5e+00    5.4e+00
 96     4.379e+02   -0.002    1.0e-03|7.5e-01    5.0e-01    1.6e+00    1.4e+01
 97     4.281e+02   -0.002    1.0e-03|7.5e-01    5.0e-01    1.5e+00    3.1e+00
 98     4.348e+02   -0.001    1.0e-03|7.5e-01    5.0e-01    1.5e+00    9.3e+00
 99     4.304e+02   -0.002    1.0e-03|7.5e-01    5.0e-01    1.3e+00    4.2e+00
100     4.283e+02   -0.001    1.0e-03|7.5e-01    5.0e-01    1.2e+00    4.5e+00
101     4.264e+02   -0.001    1.0e-03|7.5e-01    5.0e-01    1.0e+00    2.5e+00
102     4.241e+02   -0.001    1.0e-03|7.5e-01    3.8e-01    7.8e-01    2.1e+00
103     4.230e+02   -0.000    1.0e-03|7.5e-01    5.0e-01    7.6e-01    2.4e+00
104     4.223e+02   -0.001    1.0e-03|7.5e-01    4.0e-01    8.0e-01    1.1e+00
105     4.215e+02   -0.000    1.0e-03|7.4e-01    4.0e-01    9.9e-01    3.2e+00
106     4.214e+02   -0.000    1.0e-03|7.5e-01    5.0e-01    1.8e+00    1.8e+00
107     4.530e+02   -0.001    1.0e-03|7.5e-01    5.0e-01    2.2e+00    3.1e+01
108     4.291e+02   -0.002    1.0e-03|7.5e-01    5.0e-01    2.2e+00    3.4e+00
109     4.405e+02   -0.002    1.0e-03|7.5e-01    5.0e-01    2.2e+00    1.2e+01
110     4.310e+02   -0.003    1.0e-03|7.5e-01    5.0e-01    1.9e+00    2.5e+00
111     4.297e+02   -0.002    1.0e-03|7.5e-01    5.0e-01    1.5e+00    6.4e+00
112     4.253e+02   -0.002    1.0e-03|7.5e-01    5.0e-01    1.1e+00    7.1e+00
113     4.214e+02   -0.001    1.0e-03|7.5e-01    5.0e-01    7.8e-01    1.6e+00
114     4.210e+02   -0.000    1.0e-03|7.5e-01    5.0e-01    7.2e-01    5.7e+00
115     4.196e+02   -0.000    1.0e-03|7.5e-01    3.0e-01    6.2e-01    1.5e+00
116     4.187e+02   -0.000    1.0e-03|7.4e-01    5.0e-01    7.8e-01    1.4e+00
117     4.184e+02   -0.000    1.0e-03|7.5e-01    5.0e-01    8.6e-01    2.0e+00
118     4.175e+02   -0.000    1.0e-03|7.4e-01    4.2e-01    8.3e-01    1.1e+00
119     4.169e+02   -0.000    1.0e-03|7.4e-01    4.5e-01    8.2e-01    1.4e+00
120     4.169e+02   -0.000    1.0e-03|7.5e-01    3.5e-01    7.7e-01    1.2e+00
121     4.177e+02   -0.001    1.0e-03|7.2e-01    5.0e-01    9.7e-01    1.8e+00
122     4.190e+02   -0.000    1.0e-03|7.5e-01    5.0e-01    1.3e+00    4.8e+00
123     4.181e+02   -0.001    1.0e-03|7.4e-01    5.0e-01    1.5e+00    1.6e+00
124     4.228e+02   -0.001    1.0e-03|7.5e-01    5.0e-01    1.6e+00    6.4e+00
125     4.194e+02   -0.002    1.0e-03|7.5e-01    5.0e-01    1.8e+00    3.2e+00
126     4.233e+02   -0.001    1.0e-03|7.5e-01    5.0e-01    1.9e+00    4.9e+00
127     4.233e+02   -0.002    1.0e-03|7.5e-01    5.0e-01    2.0e+00    9.0e+00
128     4.238e+02   -0.001    1.0e-03|7.5e-01    5.0e-01    1.9e+00    6.3e+00
129     4.225e+02   -0.002    1.0e-03|7.5e-01    5.0e-01    1.6e+00    1.1e+01
130     4.197e+02   -0.002    1.0e-03|7.5e-01    5.0e-01    1.2e+00    3.9e+00
131     4.149e+02   -0.001    1.0e-03|7.5e-01    4.3e-01    8.8e-01    1.8e+00
132     4.138e+02   -0.000    1.0e-03|7.5e-01    3.8e-01    8.4e-01    1.4e+00
133     4.135e+02   -0.000    1.0e-03|7.3e-01    4.6e-01    1.0e+00    1.1e+00
134     4.153e+02   -0.000    1.0e-03|7.5e-01    4.9e-01    1.1e+00    5.5e+00
135     4.139e+02   -0.001    1.0e-03|7.4e-01    5.0e-01    1.4e+00    2.3e+00
136     4.186e+02   -0.001    1.0e-03|7.5e-01    5.0e-01    1.7e+00    6.0e+00
137     4.203e+02   -0.001    1.0e-03|7.5e-01    5.0e-01    1.7e+00    6.8e+00
138     4.197e+02   -0.002    1.0e-03|7.5e-01    5.0e-01    1.6e+00    4.0e+00
139     4.178e+02   -0.001    1.0e-03|7.5e-01    5.0e-01    1.5e+00    4.7e+00
140     4.147e+02   -0.002    1.0e-03|7.5e-01    5.0e-01    9.8e-01    1.8e+00
141     4.126e+02   -0.001    1.0e-03|7.5e-01    2.9e-01    6.7e-01    1.4e+00
142     4.113e+02   -0.000    1.0e-03|7.4e-01    5.0e-01    8.4e-01    6.7e-01
143     4.114e+02   -0.000    1.0e-03|7.5e-01    5.0e-01    1.2e+00    1.3e+00
144     4.128e+02   -0.000    1.0e-03|7.5e-01    5.0e-01    1.4e+00    3.3e+00
145     4.155e+02   -0.001    1.0e-03|7.5e-01    5.0e-01    1.6e+00    3.5e+00
146     4.146e+02   -0.001    1.0e-03|7.5e-01    5.0e-01    1.3e+00    3.3e+00
147     4.118e+02   -0.000    1.0e-03|7.3e-01    4.5e-01    1.1e+00    2.2e+00
148     4.114e+02   -0.001    1.0e-03|7.4e-01    5.0e-01    1.3e+00    1.1e+00
149     4.157e+02   -0.001    1.0e-03|7.5e-01    5.0e-01    1.4e+00    3.6e+00
150     4.126e+02   -0.001    1.0e-03|7.5e-01    5.0e-01    1.2e+00    2.0e+00
151     4.134e+02   -0.001    1.0e-03|7.5e-01    5.0e-01    9.3e-01    3.4e+00
152     4.101e+02   -0.000    1.0e-03|7.4e-01    4.3e-01    7.8e-01    1.2e+00
153     4.113e+02   -0.000    1.0e-03|7.5e-01    4.3e-01    9.1e-01    1.7e+00
154     4.097e+02   -0.000    1.0e-03|7.5e-01    4.1e-01    9.5e-01    1.5e+00
155     4.095e+02   -0.000    1.0e-03|7.5e-01    5.0e-01    1.5e+00    1.4e+00
156     4.286e+02   -0.001    1.0e-03|7.5e-01    5.0e-01    1.7e+00    2.1e+01
157     4.117e+02   -0.001    1.0e-03|7.5e-01    5.0e-01    1.4e+00    3.5e+00
158     4.157e+02   -0.001    1.0e-03|7.5e-01    5.0e-01    1.4e+00    8.7e+00
159     4.115e+02   -0.002    1.0e-03|7.5e-01    5.0e-01    1.3e+00    2.6e+00
160     4.085e+02   -0.001    1.0e-03|7.5e-01    5.0e-01    1.1e+00    2.1e+00
161     4.079e+02   -0.001    1.0e-03|7.5e-01    5.0e-01    9.0e-01    1.4e+00
162     4.061e+02   -0.000    1.0e-03|7.5e-01    3.1e-01    5.3e-01    2.2e+00
163     4.048e+02   -0.000    1.0e-03|7.4e-01    2.3e-01    5.4e-01    2.2e+00
164     4.028e+02   -0.000    1.0e-03|7.4e-01    3.0e-01    5.2e-01    3.2e+00
165     4.008e+02   -0.000    1.0e-03|7.4e-01    4.7e-01    8.5e-01    3.5e+00
166     4.005e+02   -0.000    1.0e-03|7.5e-01    5.0e-01    1.6e+00    3.6e+00
167     4.129e+02   -0.001    1.0e-03|7.5e-01    5.0e-01    2.2e+00    1.7e+01
168     4.245e+02   -0.002    1.0e-03|7.5e-01    5.0e-01    2.3e+00    1.8e+01
169     4.113e+02   -0.002    1.0e-03|7.5e-01    5.0e-01    2.5e+00    7.8e+00
170     4.296e+02   -0.003    1.0e-03|7.5e-01    5.0e-01    2.5e+00    1.1e+01
171     4.110e+02   -0.005    1.0e-03|7.5e-01    5.0e-01    2.3e+00    3.6e+00
172     4.135e+02   -0.003    1.0e-03|7.5e-01    5.0e-01    2.3e+00    7.4e+00
173     4.097e+02   -0.003    1.0e-03|7.5e-01    5.0e-01    2.1e+00    9.1e+00
174     4.044e+02   -0.002    1.0e-03|7.5e-01    5.0e-01    1.7e+00    3.3e+00
175     4.024e+02   -0.001    1.0e-03|7.5e-01    5.0e-01    1.3e+00    2.8e+00
176     3.993e+02   -0.001    1.0e-03|7.4e-01    5.0e-01    1.1e+00    1.1e+00
177     3.992e+02   -0.001    1.0e-03|7.5e-01    5.0e-01    1.1e+00    3.0e+00
178     3.973e+02   -0.001    1.0e-03|7.5e-01    4.2e-01    9.2e-01    1.4e+00
179     3.964e+02    0.000    1.0e-03|7.5e-01    5.0e-01    1.1e+00    1.2e+00
180     3.973e+02   -0.001    1.0e-03|7.5e-01    5.0e-01    1.0e+00    1.9e+00
181     3.969e+02   -0.001    1.0e-03|7.5e-01    4.2e-01    8.8e-01    2.0e+00
182     3.962e+02   -0.000    1.0e-03|7.4e-01    5.0e-01    1.2e+00    8.6e-01
183     3.999e+02   -0.000    1.0e-03|7.5e-01    5.0e-01    1.3e+00    6.1e+00
184     3.973e+02   -0.001    1.0e-03|7.5e-01    4.9e-01    1.0e+00    1.9e+00
185     3.961e+02   -0.000    1.0e-03|7.2e-01    4.3e-01    7.5e-01    1.2e+00
186     3.952e+02    0.000    1.0e-03|7.2e-01    4.7e-01    7.3e-01    7.0e-01
187     3.954e+02   -0.000    1.0e-03|7.4e-01    4.7e-01    9.1e-01    9.6e-01
188     3.955e+02   -0.000    1.0e-03|7.2e-01    5.0e-01    1.5e+00    9.8e-01
189     4.082e+02   -0.001    1.0e-03|7.5e-01    5.0e-01    1.6e+00    1.5e+01
190     3.995e+02   -0.001    1.0e-03|7.5e-01    5.0e-01    1.5e+00    3.6e+00
191     4.015e+02   -0.001    1.0e-03|7.5e-01    5.0e-01    1.5e+00    4.3e+00
192     3.987e+02   -0.001    1.0e-03|7.5e-01    5.0e-01    1.2e+00    3.1e+00
193     3.960e+02   -0.001    1.0e-03|7.5e-01    2.8e-01    6.0e-01    1.3e+00
194     3.944e+02    0.000    1.0e-03|7.5e-01    2.0e-01    3.1e-01    5.7e-01
195     3.942e+02   -0.000    1.0e-03|7.5e-01    1.1e-01    2.7e-01    5.3e-01
196     3.940e+02   -0.000    1.0e-03|7.5e-01    2.0e-01    4.4e-01    4.4e-01
197     3.945e+02   -0.001    1.0e-03|7.5e-01    4.8e-01    9.8e-01    6.0e-01
198     3.954e+02   -0.000    1.0e-03|7.5e-01    5.0e-01    1.4e+00    3.3e+00

Max. Iter. at X = xopt.txt

